260,260,0,25
260,260,0,25
261,261,1,26
261,261,2,27
262,262,2,27
262,262,3,28
263,263,4,29
263,263,5,30
264,264,5,30
265,265,6,31
265,265,7,32
266,266,7,32
266,266,8,33
267,267,9,34
267,267,10,35
268,268,10,35
269,269,11,36
269,269,12,37
270,270,12,37
270,270,13,38
271,271,14,39
271,271,15,40
272,272,15,40
272,272,16,41
273,273,17,42
274,274,18,43
274,274,18,43
275,275,19,44
275,275,20,45
276,276,20,45
276,276,21,46
277,277,22,47
277,277,23,48
278,278,23,48
278,278,24,49
279,279,25,50
279,279,25,50
280,280,26,51
281,281,27,52
281,281,28,53
282,282,28,53
282,282,29,54
283,283,30,55
283,283,30,55
284,284,31,56
284,284,32,57
285,285,33,58
285,285,33,58
286,286,34,59
286,286,35,60
287,287,36,61
287,287,36,61
288,288,37,62
288,288,38,63
289,289,38,63
289,289,39,64
290,290,40,65
290,290,41,66
291,291,41,66
291,291,42,67
292,292,43,68
292,292,43,68
293,293,44,69
293,293,45,70
294,294,46,71
294,294,46,71
294,294,47,72
295,295,48,73
295,295,48,73
296,296,49,74
296,296,50,75
297,297,51,76
297,297,51,76
298,298,52,77
298,298,53,78
298,298,54,79
299,299,54,79
299,299,55,80
300,300,56,81
300,300,56,81
301,301,57,82
301,301,58,83
301,301,59,84
302,302,59,84
302,302,60,85
303,303,61,86
303,303,61,86
303,303,62,87
304,304,63,88
304,304,64,89
305,305,64,89
305,305,65,90
305,305,66,91
306,306,66,91
306,306,67,92
306,306,68,93
307,307,69,94
307,307,69,94
307,307,70,95
308,308,71,96
308,308,72,97
308,308,72,97
309,309,73,98
309,309,74,99
309,309,74,99
310,310,75,100
310,310,76,101
310,310,77,102
311,311,77,102
311,311,78,103
311,311,79,104
311,311,79,104
312,312,80,105
312,312,81,106
312,312,82,107
313,313,82,107
313,313,83,108
313,313,84,109
313,313,84,109
314,314,85,110
314,314,86,111
314,314,87,112
314,314,87,112
314,314,88,113
315,315,89,114
315,315,90,115
315,315,90,115
315,315,91,116
316,316,92,117
316,316,92,117
316,316,93,118
316,316,94,119
316,316,95,120
317,317,95,120
317,317,96,121
317,317,97,122
317,317,97,122
317,317,98,123
317,317,99,124
317,317,100,125
318,318,100,125
318,318,101,126
318,318,102,127
318,318,102,127
318,318,103,128
318,318,104,129
318,318,105,130
318,318,105,130
319,319,106,131
319,319,107,132
319,319,108,133
319,319,108,133
319,319,109,134
319,319,110,135
319,319,110,135
319,319,111,136
319,319,112,137
319,319,113,138
319,319,113,138
319,319,114,139
319,319,115,140
319,319,115,140
319,319,116,141
319,319,117,142
319,319,118,143
319,319,118,143
319,319,119,144
319,319,120,145
319,319,120,145
319,319,121,146
319,319,122,147
319,319,123,148
319,319,123,148
319,319,124,149
319,319,125,150
319,319,126,151
319,319,126,151
319,319,127,152
319,319,128,153
319,319,128,153
319,319,129,154
319,319,130,155
319,319,131,156
319,319,131,156
319,319,132,157
319,319,133,158
319,319,133,158
318,318,134,159
318,318,135,160
318,318,136,161
318,318,136,161
318,318,137,162
318,318,138,163
318,318,138,163
318,318,139,164
317,317,140,165
317,317,141,166
317,317,141,166
317,317,142,167
317,317,143,168
317,317,144,169
316,316,144,169
316,316,145,170
316,316,146,171
316,316,146,171
316,316,147,172
315,315,148,173
315,315,149,174
315,315,149,174
315,315,150,175
315,315,151,176
314,314,151,176
314,314,152,177
314,314,153,178
314,314,154,179
313,313,154,179
313,313,155,180
313,313,156,181
313,313,156,181
312,312,157,182
312,312,158,183
312,312,159,184
312,312,159,184
311,311,160,185
311,311,161,186
311,311,162,187
310,310,162,187
310,310,163,188
310,310,164,189
309,309,164,189
309,309,165,190
309,309,166,191
308,308,167,192
308,308,167,192
308,308,168,193
307,307,169,194
307,307,169,194
307,307,170,195
306,306,171,196
306,306,172,197
306,306,172,197
305,305,173,198
305,305,174,199
305,305,174,199
304,304,175,200
304,304,176,201
303,303,177,202
303,303,177,202
303,303,178,203
302,302,179,204
302,302,180,205
302,302,180,205
301,301,181,206
301,301,182,207
300,300,182,207
300,300,183,208
299,299,184,209
299,299,185,210
299,299,185,210
298,298,186,211
298,298,187,212
297,297,187,212
297,297,188,213
296,296,189,214
296,296,190,215
296,296,190,215
295,295,191,216
295,295,192,217
294,294,192,217
294,294,193,218
293,293,194,219
293,293,195,220
292,292,195,220
292,292,196,221
291,291,197,222
291,291,198,223
290,290,198,223
290,290,199,224
289,289,200,225
289,289,200,225
288,288,201,226
288,288,202,227
287,287,203,228
287,287,203,228
286,286,204,229
286,286,205,230
285,285,205,230
285,285,206,231
284,284,207,232
284,284,208,233
283,283,208,233
283,283,209,234
282,282,210,235
282,282,210,235
281,281,211,236
281,281,212,237
280,280,213,238
280,280,213,238
279,279,214,239
279,279,215,240
278,278,216,241
278,278,216,241
277,277,217,242
276,276,218,243
276,276,218,243
275,275,219,244
275,275,220,245
274,274,221,246
274,274,221,246
273,273,222,247
273,273,223,248
272,272,223,248
271,271,224,249
271,271,225,250
270,270,226,251
270,270,226,251
269,269,227,252
269,269,228,253
268,268,228,253
268,268,229,254
267,267,230,255
266,266,231,256
266,266,231,256
265,265,232,257
265,265,233,258
264,264,234,259
264,264,234,259
263,263,235,260
263,263,236,261
262,262,236,261
261,261,237,262
261,261,238,263
260,260,239,264
260,260,239,264
259,259,240,265
259,259,241,266
258,258,241,266
257,257,242,267
257,257,243,268
256,256,244,269
256,256,244,269
255,255,245,270
255,255,246,271
254,254,246,271
253,253,247,272
253,253,248,273
252,252,249,274
252,252,249,274
251,251,250,275
251,251,251,276
250,250,252,277
250,250,252,277
249,249,253,278
248,248,254,279
248,248,254,279
247,247,255,280
247,247,256,281
246,246,257,282
246,246,257,282
245,245,258,283
245,245,259,284
244,244,259,284
243,243,260,285
243,243,261,286
242,242,262,287
242,242,262,287
241,241,263,288
241,241,264,289
240,240,264,289
240,240,265,290
239,239,266,291
239,239,267,292
238,238,267,292
238,238,268,293
237,237,269,294
237,237,270,295
236,236,270,295
235,235,271,296
235,235,272,297
234,234,272,297
234,234,273,298
233,233,274,299
233,233,275,300
232,232,275,300
232,232,276,301
231,231,277,302
231,231,277,302
230,230,278,303
230,230,279,304
229,229,280,305
229,229,280,305
228,228,281,306
228,228,282,307
228,228,282,307
227,227,283,308
227,227,284,309
226,226,285,310
226,226,285,310
225,225,286,311
225,225,287,312
224,224,288,313
224,224,288,313
223,223,289,314
223,223,290,315
222,222,290,315
222,222,291,316
222,222,292,317
221,221,293,318
221,221,293,318
220,220,294,319
220,220,295,320
219,219,295,320
219,219,296,321
219,219,297,322
218,218,298,323
218,218,298,323
217,217,299,324
217,217,300,325
217,217,300,325
216,216,301,326
216,216,302,327
215,215,303,328
215,215,303,328
215,215,304,329
214,214,305,330
214,214,306,331
214,214,306,331
213,213,307,332
213,213,308,333
212,212,308,333
212,212,309,334
212,212,310,335
211,211,311,336
211,211,311,336
211,211,312,337
210,210,313,338
210,210,313,338
210,210,314,339
209,209,315,340
209,209,316,341
209,209,316,341
209,209,317,342
208,208,318,343
208,208,318,343
208,208,319,344
207,207,320,345
207,207,321,346
207,207,321,346
207,207,322,347
206,206,323,348
206,206,324,349
206,206,324,349
206,206,325,350
205,205,326,351
205,205,326,351
205,205,327,352
205,205,328,353
204,204,329,354
204,204,329,354
204,204,330,355
204,204,331,356
204,204,331,356
203,203,332,357
203,203,333,358
203,203,334,359
203,203,334,359
203,203,335,0
202,202,336,1
202,202,336,1
202,202,337,2
202,202,338,3
202,202,339,4
202,202,339,4
201,201,340,5
201,201,341,6
201,201,342,7
201,201,342,7
201,201,343,8
201,201,344,9
201,201,344,9
201,201,345,10
200,200,346,11
200,200,347,12
200,200,347,12
200,200,348,13
200,200,349,14
200,200,349,14
200,200,350,15
200,200,351,16
200,200,352,17
200,200,352,17
200,200,353,18
200,200,354,19
200,200,354,19
200,200,355,20
200,200,356,21
200,200,357,22
200,200,357,22
200,200,358,23
200,200,359,24
200,200,0,25
200,200,0,25
200,200,1,26
200,200,2,27
200,200,2,27
200,200,3,28
200,200,4,29
200,200,5,30
200,200,5,30
200,200,6,31
200,200,7,32
200,200,7,32
200,200,8,33
200,200,9,34
200,200,10,35
200,200,10,35
200,200,11,36
200,200,12,37
200,200,12,37
200,200,13,38
201,201,14,39
201,201,15,40
201,201,15,40
201,201,16,41
201,201,17,42
201,201,18,43
201,201,18,43
201,201,19,44
202,202,20,45
202,202,20,45
202,202,21,46
202,202,22,47
202,202,23,48
202,202,23,48
203,203,24,49
203,203,25,50
203,203,25,50
203,203,26,51
203,203,27,52
204,204,28,53
204,204,28,53
204,204,29,54
204,204,30,55
204,204,30,55
205,205,31,56
205,205,32,57
205,205,33,58
205,205,33,58
206,206,34,59
206,206,35,60
206,206,36,61
206,206,36,61
207,207,37,62
207,207,38,63
207,207,38,63
207,207,39,64
208,208,40,65
208,208,41,66
208,208,41,66
209,209,42,67
209,209,43,68
209,209,43,68
209,209,44,69
210,210,45,70
210,210,46,71
210,210,46,71
211,211,47,72
211,211,48,73
211,211,48,73
212,212,49,74
212,212,50,75
212,212,51,76
213,213,51,76
213,213,52,77
214,214,53,78
214,214,54,79
214,214,54,79
215,215,55,80
215,215,56,81
215,215,56,81
216,216,57,82
216,216,58,83
217,217,59,84
217,217,59,84
217,217,60,85
218,218,61,86
218,218,61,86
219,219,62,87
219,219,63,88
219,219,64,89
220,220,64,89
220,220,65,90
221,221,66,91
221,221,66,91
222,222,67,92
222,222,68,93
222,222,69,94
223,223,69,94
223,223,70,95
224,224,71,96
224,224,72,97
225,225,72,97
225,225,73,98
226,226,74,99
226,226,74,99
227,227,75,100
227,227,76,101
228,228,77,102
228,228,77,102
228,228,78,103
229,229,79,104
229,229,79,104
230,230,80,105
230,230,81,106
231,231,82,107
231,231,82,107
232,232,83,108
232,232,84,109
233,233,84,109
233,233,85,110
234,234,86,111
234,234,87,112
235,235,87,112
235,235,88,113
236,236,89,114
237,237,90,115
237,237,90,115
238,238,91,116
238,238,92,117
239,239,92,117
239,239,93,118
240,240,94,119
240,240,95,120
241,241,95,120
241,241,96,121
242,242,97,122
242,242,97,122
243,243,98,123
243,243,99,124
244,244,100,125
245,245,100,125
245,245,101,126
246,246,102,127
246,246,102,127
247,247,103,128
247,247,104,129
248,248,105,130
248,248,105,130
249,249,106,131
250,250,107,132
250,250,108,133
251,251,108,133
251,251,109,134
252,252,110,135
252,252,110,135
253,253,111,136
253,253,112,137
254,254,113,138
255,255,113,138
255,255,114,139
256,256,115,140
256,256,115,140
257,257,116,141
257,257,117,142
258,258,118,143
259,259,118,143
259,259,119,144
260,260,120,145
260,260,120,145
261,261,121,146
261,261,122,147
262,262,123,148
263,263,123,148
263,263,124,149
264,264,125,150
264,264,126,151
265,265,126,151
265,265,127,152
266,266,128,153
266,266,128,153
267,267,129,154
268,268,130,155
268,268,131,156
269,269,131,156
269,269,132,157
270,270,133,158
270,270,133,158
271,271,134,159
271,271,135,160
272,272,136,161
273,273,136,161
273,273,137,162
274,274,138,163
274,274,138,163
275,275,139,164
275,275,140,165
276,276,141,166
276,276,141,166
277,277,142,167
278,278,143,168
278,278,144,169
279,279,144,169
279,279,145,170
280,280,146,171
280,280,146,171
281,281,147,172
281,281,148,173
282,282,149,174
282,282,149,174
283,283,150,175
283,283,151,176
284,284,151,176
284,284,152,177
285,285,153,178
285,285,154,179
286,286,154,179
286,286,155,180
287,287,156,181
287,287,156,181
288,288,157,182
288,288,158,183
289,289,159,184
289,289,159,184
290,290,160,185
290,290,161,186
291,291,162,187
291,291,162,187
292,292,163,188
292,292,164,189
293,293,164,189
293,293,165,190
294,294,166,191
294,294,167,192
295,295,167,192
295,295,168,193
296,296,169,194
296,296,169,194
296,296,170,195
297,297,171,196
297,297,172,197
298,298,172,197
298,298,173,198
299,299,174,199
299,299,174,199
299,299,175,200
300,300,176,201
300,300,177,202
301,301,177,202
301,301,178,203
302,302,179,204
302,302,180,205
302,302,180,205
303,303,181,206
303,303,182,207
303,303,182,207
304,304,183,208
304,304,184,209
305,305,185,210
305,305,185,210
305,305,186,211
306,306,187,212
306,306,187,212
306,306,188,213
307,307,189,214
307,307,190,215
307,307,190,215
308,308,191,216
308,308,192,217
308,308,192,217
309,309,193,218
309,309,194,219
309,309,195,220
310,310,195,220
310,310,196,221
310,310,197,222
311,311,198,223
311,311,198,223
311,311,199,224
312,312,200,225
312,312,200,225
312,312,201,226
312,312,202,227
313,313,203,228
313,313,203,228
313,313,204,229
313,313,205,230
314,314,205,230
314,314,206,231
314,314,207,232
314,314,208,233
315,315,208,233
315,315,209,234
315,315,210,235
315,315,210,235
315,315,211,236
316,316,212,237
316,316,213,238
316,316,213,238
316,316,214,239
316,316,215,240
317,317,216,241
317,317,216,241
317,317,217,242
317,317,218,243
317,317,218,243
317,317,219,244
318,318,220,245
318,318,221,246
318,318,221,246
318,318,222,247
318,318,223,248
318,318,223,248
318,318,224,249
318,318,225,250
319,319,226,251
319,319,226,251
319,319,227,252
319,319,228,253
319,319,228,253
319,319,229,254
319,319,230,255
319,319,231,256
319,319,231,256
319,319,232,257
319,319,233,258
319,319,234,259
319,319,234,259
319,319,235,260
319,319,236,261
319,319,236,261
319,319,237,262
319,319,238,263
319,319,239,264
319,319,239,264
319,319,240,265
319,319,241,266
319,319,241,266
319,319,242,267
319,319,243,268
319,319,244,269
319,319,244,269
319,319,245,270
319,319,246,271
319,319,246,271
319,319,247,272
319,319,248,273
319,319,249,274
319,319,249,274
319,319,250,275
319,319,251,276
319,319,252,277
319,319,252,277
319,319,253,278
318,318,254,279
318,318,254,279
318,318,255,280
318,318,256,281
318,318,257,282
318,318,257,282
318,318,258,283
318,318,259,284
317,317,259,284
317,317,260,285
317,317,261,286
317,317,262,287
317,317,262,287
317,317,263,288
317,317,264,289
316,316,264,289
316,316,265,290
316,316,266,291
316,316,267,292
316,316,267,292
315,315,268,293
315,315,269,294
315,315,270,295
315,315,270,295
314,314,271,296
314,314,272,297
314,314,272,297
314,314,273,298
314,314,274,299
313,313,275,300
313,313,275,300
313,313,276,301
313,313,277,302
312,312,277,302
312,312,278,303
312,312,279,304
311,311,280,305
311,311,280,305
311,311,281,306
311,311,282,307
310,310,282,307
310,310,283,308
310,310,284,309
309,309,285,310
309,309,285,310
309,309,286,311
308,308,287,312
308,308,288,313
308,308,288,313
307,307,289,314
307,307,290,315
307,307,290,315
306,306,291,316
306,306,292,317
306,306,293,318
305,305,293,318
305,305,294,319
305,305,295,320
304,304,295,320
304,304,296,321
303,303,297,322
303,303,298,323
303,303,298,323
302,302,299,324
302,302,300,325
301,301,300,325
301,301,301,326
301,301,302,327
300,300,303,328
300,300,303,328
299,299,304,329
299,299,305,330
298,298,306,331
298,298,306,331
298,298,307,332
297,297,308,333
297,297,308,333
296,296,309,334
296,296,310,335
295,295,311,336
295,295,311,336
294,294,312,337
294,294,313,338
294,294,313,338
293,293,314,339
293,293,315,340
292,292,316,341
292,292,316,341
291,291,317,342
291,291,318,343
290,290,318,343
290,290,319,344
289,289,320,345
289,289,321,346
288,288,321,346
288,288,322,347
287,287,323,348
287,287,324,349
286,286,324,349
286,286,325,350
285,285,326,351
285,285,326,351
284,284,327,352
284,284,328,353
283,283,329,354
283,283,329,354
282,282,330,355
282,282,331,356
281,281,331,356
281,281,332,357
280,280,333,358
279,279,334,359
279,279,334,359
278,278,335,0
278,278,336,1
277,277,336,1
277,277,337,2
276,276,338,3
276,276,339,4
275,275,339,4
275,275,340,5
274,274,341,6
274,274,342,7
273,273,342,7
272,272,343,8
272,272,344,9
271,271,344,9
271,271,345,10
270,270,346,11
270,270,347,12
269,269,347,12
269,269,348,13
268,268,349,14
267,267,349,14
267,267,350,15
266,266,351,16
266,266,352,17
265,265,352,17
265,265,353,18
264,264,354,19
263,263,354,19
263,263,355,20
262,262,356,21
262,262,357,22
261,261,357,22
261,261,358,23
260,260,359,24
260,260,0,25
259,259,0,25
258,258,1,26
258,258,2,27
257,257,2,27
257,257,3,28
256,256,4,29
256,256,5,30
255,255,5,30
254,254,6,31
254,254,7,32
253,253,7,32
253,253,8,33
252,252,9,34
252,252,10,35
251,251,10,35
250,250,11,36
250,250,12,37
249,249,12,37
249,249,13,38
248,248,14,39
248,248,15,40
247,247,15,40
247,247,16,41
246,246,17,42
245,245,18,43
245,245,18,43
244,244,19,44
244,244,20,45
243,243,20,45
243,243,21,46
242,242,22,47
242,242,23,48
241,241,23,48
241,241,24,49
240,240,25,50
240,240,25,50
239,239,26,51
238,238,27,52
238,238,28,53
237,237,28,53
237,237,29,54
236,236,30,55
236,236,30,55
235,235,31,56
235,235,32,57
234,234,33,58
234,234,33,58
233,233,34,59
233,233,35,60
232,232,36,61
232,232,36,61
231,231,37,62
231,231,38,63
230,230,38,63
230,230,39,64
229,229,40,65
229,229,41,66
228,228,41,66
228,228,42,67
227,227,43,68
227,227,43,68
226,226,44,69
226,226,45,70
225,225,46,71
225,225,46,71
225,225,47,72
224,224,48,73
224,224,48,73
223,223,49,74
223,223,50,75
222,222,51,76
222,222,51,76
221,221,52,77
221,221,53,78
221,221,54,79
220,220,54,79
220,220,55,80
219,219,56,81
219,219,56,81
218,218,57,82
218,218,58,83
218,218,59,84
217,217,59,84
217,217,60,85
216,216,61,86
216,216,61,86
216,216,62,87
215,215,63,88
215,215,64,89
214,214,64,89
214,214,65,90
214,214,66,91
213,213,66,91
213,213,67,92
213,213,68,93
212,212,69,94
212,212,69,94
212,212,70,95
211,211,71,96
211,211,72,97
211,211,72,97
210,210,73,98
210,210,74,99
210,210,74,99
209,209,75,100
209,209,76,101
209,209,77,102
208,208,77,102
208,208,78,103
208,208,79,104
208,208,79,104
207,207,80,105
207,207,81,106
207,207,82,107
206,206,82,107
206,206,83,108
206,206,84,109
206,206,84,109
205,205,85,110
205,205,86,111
205,205,87,112
205,205,87,112
205,205,88,113
204,204,89,114
204,204,90,115
204,204,90,115
204,204,91,116
203,203,92,117
203,203,92,117
203,203,93,118
203,203,94,119
203,203,95,120
202,202,95,120
202,202,96,121
202,202,97,122
202,202,97,122
202,202,98,123
202,202,99,124
202,202,100,125
201,201,100,125
201,201,101,126
201,201,102,127
201,201,102,127
201,201,103,128
201,201,104,129
201,201,105,130
201,201,105,130
200,200,106,131
200,200,107,132
200,200,108,133
200,200,108,133
200,200,109,134
200,200,110,135
200,200,110,135
200,200,111,136
200,200,112,137
200,200,113,138
200,200,113,138
200,200,114,139
200,200,115,140
200,200,115,140
200,200,116,141
200,200,117,142
200,200,118,143
200,200,118,143
200,200,119,144
200,200,120,145
200,200,120,145
200,200,121,146
200,200,122,147
200,200,123,148
200,200,123,148
200,200,124,149
200,200,125,150
200,200,126,151
200,200,126,151
200,200,127,152
200,200,128,153
200,200,128,153
200,200,129,154
200,200,130,155
200,200,131,156
200,200,131,156
200,200,132,157
200,200,133,158
200,200,133,158
201,201,134,159
201,201,135,160
201,201,136,161
201,201,136,161
201,201,137,162
201,201,138,163
201,201,138,163
201,201,139,164
202,202,140,165
202,202,141,166
202,202,141,166
202,202,142,167
202,202,143,168
202,202,144,169
203,203,144,169
203,203,145,170
203,203,146,171
203,203,146,171
203,203,147,172
204,204,148,173
204,204,149,174
204,204,149,174
204,204,150,175
204,204,151,176
205,205,151,176
205,205,152,177
205,205,153,178
205,205,154,179
206,206,154,179
206,206,155,180
206,206,156,181
206,206,156,181
207,207,157,182
207,207,158,183
207,207,159,184
207,207,159,184
208,208,160,185
208,208,161,186
208,208,162,187
209,209,162,187
209,209,163,188
209,209,164,189
210,210,164,189
210,210,165,190
210,210,166,191
211,211,167,192
211,211,167,192
211,211,168,193
212,212,169,194
212,212,169,194
212,212,170,195
213,213,171,196
213,213,172,197
213,213,172,197
214,214,173,198
214,214,174,199
214,214,174,199
215,215,175,200
215,215,176,201
216,216,177,202
216,216,177,202
216,216,178,203
217,217,179,204
217,217,180,205
217,217,180,205
218,218,181,206
218,218,182,207
219,219,182,207
219,219,183,208
220,220,184,209
220,220,185,210
220,220,185,210
221,221,186,211
221,221,187,212
222,222,187,212
222,222,188,213
223,223,189,214
223,223,190,215
223,223,190,215
224,224,191,216
224,224,192,217
225,225,192,217
225,225,193,218
226,226,194,219
226,226,195,220
227,227,195,220
227,227,196,221
228,228,197,222
228,228,198,223
229,229,198,223
229,229,199,224
230,230,200,225
230,230,200,225
231,231,201,226
231,231,202,227
232,232,203,228
232,232,203,228
233,233,204,229
233,233,205,230
234,234,205,230
234,234,206,231
235,235,207,232
235,235,208,233
236,236,208,233
236,236,209,234
237,237,210,235
237,237,210,235
238,238,211,236
238,238,212,237
239,239,213,238
239,239,213,238
240,240,214,239
240,240,215,240
241,241,216,241
241,241,216,241
242,242,217,242
243,243,218,243
243,243,218,243
244,244,219,244
244,244,220,245
245,245,221,246
245,245,221,246
246,246,222,247
246,246,223,248
247,247,223,248
248,248,224,249
248,248,225,250
249,249,226,251
249,249,226,251
250,250,227,252
250,250,228,253
251,251,228,253
251,251,229,254
252,252,230,255
253,253,231,256
253,253,231,256
254,254,232,257
254,254,233,258
255,255,234,259
255,255,234,259
256,256,235,260
256,256,236,261
257,257,236,261
258,258,237,262
258,258,238,263
259,259,239,264
259,259,239,264
260,260,240,265
260,260,241,266
261,261,241,266
262,262,242,267
262,262,243,268
263,263,244,269
263,263,244,269
264,264,245,270
264,264,246,271
265,265,246,271
266,266,247,272
266,266,248,273
267,267,249,274
267,267,249,274
268,268,250,275
268,268,251,276
269,269,252,277
269,269,252,277
270,270,253,278
271,271,254,279
271,271,254,279
272,272,255,280
272,272,256,281
273,273,257,282
273,273,257,282
274,274,258,283
274,274,259,284
275,275,259,284
276,276,260,285
276,276,261,286
277,277,262,287
277,277,262,287
278,278,263,288
278,278,264,289
279,279,264,289
279,279,265,290
280,280,266,291
280,280,267,292
281,281,267,292
281,281,268,293
282,282,269,294
282,282,270,295
283,283,270,295
284,284,271,296
284,284,272,297
285,285,272,297
285,285,273,298
286,286,274,299
286,286,275,300
287,287,275,300
287,287,276,301
288,288,277,302
288,288,277,302
289,289,278,303
289,289,279,304
290,290,280,305
290,290,280,305
291,291,281,306
291,291,282,307
291,291,282,307
292,292,283,308
292,292,284,309
293,293,285,310
293,293,285,310
294,294,286,311
294,294,287,312
295,295,288,313
295,295,288,313
296,296,289,314
296,296,290,315
297,297,290,315
297,297,291,316
297,297,292,317
298,298,293,318
298,298,293,318
299,299,294,319
299,299,295,320
300,300,295,320
300,300,296,321
300,300,297,322
301,301,298,323
301,301,298,323
302,302,299,324
302,302,300,325
302,302,300,325
303,303,301,326
303,303,302,327
304,304,303,328
304,304,303,328
304,304,304,329
305,305,305,330
305,305,306,331
305,305,306,331
306,306,307,332
306,306,308,333
307,307,308,333
307,307,309,334
307,307,310,335
308,308,311,336
308,308,311,336
308,308,312,337
309,309,313,338
309,309,313,338
309,309,314,339
310,310,315,340
310,310,316,341
310,310,316,341
310,310,317,342
311,311,318,343
311,311,318,343
311,311,319,344
312,312,320,345
312,312,321,346
312,312,321,346
312,312,322,347
313,313,323,348
313,313,324,349
313,313,324,349
313,313,325,350
314,314,326,351
314,314,326,351
314,314,327,352
314,314,328,353
315,315,329,354
315,315,329,354
315,315,330,355
315,315,331,356
315,315,331,356
316,316,332,357
316,316,333,358
316,316,334,359
316,316,334,359
316,316,335,0
317,317,336,1
317,317,336,1
317,317,337,2
317,317,338,3
317,317,339,4
317,317,339,4
318,318,340,5
318,318,341,6
318,318,342,7
318,318,342,7
318,318,343,8
318,318,344,9
318,318,344,9
318,318,345,10
319,319,346,11
319,319,347,12
319,319,347,12
319,319,348,13
319,319,349,14
319,319,349,14
319,319,350,15
319,319,351,16
319,319,352,17
319,319,352,17
319,319,353,18
319,319,354,19
319,319,354,19
319,319,355,20
319,319,356,21
319,319,357,22
319,319,357,22
319,319,358,23
319,319,359,24
320,320,0,25
319,319,0,25
319,319,1,26
319,319,2,27
319,319,2,27
319,319,3,28
319,319,4,29
319,319,5,30
319,319,5,30
319,319,6,31
319,319,7,32
319,319,7,32
319,319,8,33
319,319,9,34
319,319,10,35
319,319,10,35
319,319,11,36
319,319,12,37
319,319,12,37
319,319,13,38
318,318,14,39
318,318,15,40
318,318,15,40
318,318,16,41
318,318,17,42
318,318,18,43
318,318,18,43
318,318,19,44
317,317,20,45
317,317,20,45
317,317,21,46
317,317,22,47
317,317,23,48
317,317,23,48
316,316,24,49
316,316,25,50
316,316,25,50
316,316,26,51
316,316,27,52
315,315,28,53
315,315,28,53
315,315,29,54
315,315,30,55
315,315,30,55
314,314,31,56
314,314,32,57
314,314,33,58
314,314,33,58
313,313,34,59
313,313,35,60
313,313,36,61
313,313,36,61
312,312,37,62
312,312,38,63
312,312,38,63
312,312,39,64
311,311,40,65
311,311,41,66
311,311,41,66
310,310,42,67
310,310,43,68
310,310,43,68
310,310,44,69
309,309,45,70
309,309,46,71
309,309,46,71
308,308,47,72
308,308,48,73
308,308,48,73
307,307,49,74
307,307,50,75
307,307,51,76
306,306,51,76
306,306,52,77
305,305,53,78
305,305,54,79
305,305,54,79
304,304,55,80
304,304,56,81
304,304,56,81
303,303,57,82
303,303,58,83
302,302,59,84
302,302,59,84
302,302,60,85
301,301,61,86
301,301,61,86
300,300,62,87
300,300,63,88
300,300,64,89
299,299,64,89
299,299,65,90
298,298,66,91
298,298,66,91
297,297,67,92
297,297,68,93
297,297,69,94
296,296,69,94
296,296,70,95
295,295,71,96
295,295,72,97
294,294,72,97
294,294,73,98
293,293,74,99
293,293,74,99
292,292,75,100
292,292,76,101
291,291,77,102
291,291,77,102
291,291,78,103
290,290,79,104
290,290,79,104
289,289,80,105
289,289,81,106
288,288,82,107
288,288,82,107
287,287,83,108
287,287,84,109
286,286,84,109
286,286,85,110
285,285,86,111
285,285,87,112
284,284,87,112
284,284,88,113
283,283,89,114
282,282,90,115
282,282,90,115
281,281,91,116
281,281,92,117
280,280,92,117
280,280,93,118
279,279,94,119
279,279,95,120
278,278,95,120
278,278,96,121
277,277,97,122
277,277,97,122
276,276,98,123
276,276,99,124
275,275,100,125
274,274,100,125
274,274,101,126
273,273,102,127
273,273,102,127
272,272,103,128
272,272,104,129
271,271,105,130
271,271,105,130
270,270,106,131
269,269,107,132
269,269,108,133
268,268,108,133
268,268,109,134
267,267,110,135
267,267,110,135
266,266,111,136
266,266,112,137
265,265,113,138
264,264,113,138
264,264,114,139
263,263,115,140
263,263,115,140
262,262,116,141
262,262,117,142
261,261,118,143
260,260,118,143
260,260,119,144
259,259,120,145
259,259,120,145
258,258,121,146
258,258,122,147
257,257,123,148
256,256,123,148
256,256,124,149
255,255,125,150
255,255,126,151
254,254,126,151
254,254,127,152
253,253,128,153
253,253,128,153
252,252,129,154
251,251,130,155
251,251,131,156
250,250,131,156
250,250,132,157
249,249,133,158
249,249,133,158
248,248,134,159
248,248,135,160
247,247,136,161
246,246,136,161
246,246,137,162
245,245,138,163
245,245,138,163
244,244,139,164
244,244,140,165
243,243,141,166
243,243,141,166
242,242,142,167
241,241,143,168
241,241,144,169
240,240,144,169
240,240,145,170
239,239,146,171
239,239,146,171
238,238,147,172
238,238,148,173
237,237,149,174
237,237,149,174
236,236,150,175
236,236,151,176
235,235,151,176
235,235,152,177
234,234,153,178
234,234,154,179
233,233,154,179
233,233,155,180
232,232,156,181
232,232,156,181
231,231,157,182
231,231,158,183
230,230,159,184
230,230,159,184
229,229,160,185
229,229,161,186
228,228,162,187
228,228,162,187
227,227,163,188
227,227,164,189
226,226,164,189
226,226,165,190
225,225,166,191
225,225,167,192
224,224,167,192
224,224,168,193
223,223,169,194
223,223,169,194
223,223,170,195
222,222,171,196
222,222,172,197
221,221,172,197
221,221,173,198
220,220,174,199
220,220,174,199
220,220,175,200
219,219,176,201
219,219,177,202
218,218,177,202
218,218,178,203
217,217,179,204
217,217,180,205
217,217,180,205
216,216,181,206
216,216,182,207
216,216,182,207
215,215,183,208
215,215,184,209
214,214,185,210
214,214,185,210
214,214,186,211
213,213,187,212
213,213,187,212
213,213,188,213
212,212,189,214
212,212,190,215
212,212,190,215
211,211,191,216
211,211,192,217
211,211,192,217
210,210,193,218
210,210,194,219
210,210,195,220
209,209,195,220
209,209,196,221
209,209,197,222
208,208,198,223
208,208,198,223
208,208,199,224
207,207,200,225
207,207,200,225
207,207,201,226
207,207,202,227
206,206,203,228
206,206,203,228
206,206,204,229
206,206,205,230
205,205,205,230
205,205,206,231
205,205,207,232
205,205,208,233
204,204,208,233
204,204,209,234
204,204,210,235
204,204,210,235
204,204,211,236
203,203,212,237
203,203,213,238
203,203,213,238
203,203,214,239
203,203,215,240
202,202,216,241
202,202,216,241
202,202,217,242
202,202,218,243
202,202,218,243
202,202,219,244
201,201,220,245
201,201,221,246
201,201,221,246
201,201,222,247
201,201,223,248
201,201,223,248
201,201,224,249
201,201,225,250
200,200,226,251
200,200,226,251
200,200,227,252
200,200,228,253
200,200,228,253
200,200,229,254
200,200,230,255
200,200,231,256
200,200,231,256
200,200,232,257
200,200,233,258
200,200,234,259
200,200,234,259
200,200,235,260
200,200,236,261
200,200,236,261
200,200,237,262
200,200,238,263
200,200,239,264
200,200,239,264
200,200,240,265
200,200,241,266
200,200,241,266
200,200,242,267
200,200,243,268
200,200,244,269
200,200,244,269
200,200,245,270
200,200,246,271
200,200,246,271
200,200,247,272
200,200,248,273
200,200,249,274
200,200,249,274
200,200,250,275
200,200,251,276
200,200,252,277
200,200,252,277
200,200,253,278
201,201,254,279
201,201,254,279
201,201,255,280
201,201,256,281
201,201,257,282
201,201,257,282
201,201,258,283
201,201,259,284
202,202,259,284
202,202,260,285
202,202,261,286
202,202,262,287
202,202,262,287
202,202,263,288
202,202,264,289
203,203,264,289
203,203,265,290
203,203,266,291
203,203,267,292
203,203,267,292
204,204,268,293
204,204,269,294
204,204,270,295
204,204,270,295
205,205,271,296
205,205,272,297
205,205,272,297
205,205,273,298
205,205,274,299
206,206,275,300
206,206,275,300
206,206,276,301
206,206,277,302
207,207,277,302
207,207,278,303
207,207,279,304
208,208,280,305
208,208,280,305
208,208,281,306
208,208,282,307
209,209,282,307
209,209,283,308
209,209,284,309
210,210,285,310
210,210,285,310
210,210,286,311
211,211,287,312
211,211,288,313
211,211,288,313
212,212,289,314
212,212,290,315
212,212,290,315
213,213,291,316
213,213,292,317
213,213,293,318
214,214,293,318
214,214,294,319
214,214,295,320
215,215,295,320
215,215,296,321
216,216,297,322
216,216,298,323
216,216,298,323
217,217,299,324
217,217,300,325
218,218,300,325
218,218,301,326
218,218,302,327
219,219,303,328
219,219,303,328
220,220,304,329
220,220,305,330
221,221,306,331
221,221,306,331
221,221,307,332
222,222,308,333
222,222,308,333
223,223,309,334
223,223,310,335
224,224,311,336
224,224,311,336
225,225,312,337
225,225,313,338
225,225,313,338
226,226,314,339
226,226,315,340
227,227,316,341
227,227,316,341
228,228,317,342
228,228,318,343
229,229,318,343
229,229,319,344
230,230,320,345
230,230,321,346
231,231,321,346
231,231,322,347
232,232,323,348
232,232,324,349
233,233,324,349
233,233,325,350
234,234,326,351
234,234,326,351
235,235,327,352
235,235,328,353
236,236,329,354
236,236,329,354
237,237,330,355
237,237,331,356
238,238,331,356
238,238,332,357
239,239,333,358
240,240,334,359
240,240,334,359
241,241,335,0
241,241,336,1
242,242,336,1
242,242,337,2
243,243,338,3
243,243,339,4
244,244,339,4
244,244,340,5
245,245,341,6
245,245,342,7
246,246,342,7
247,247,343,8
247,247,344,9
248,248,344,9
248,248,345,10
249,249,346,11
249,249,347,12
250,250,347,12
250,250,348,13
251,251,349,14
252,252,349,14
252,252,350,15
253,253,351,16
253,253,352,17
254,254,352,17
254,254,353,18
255,255,354,19
256,256,354,19
256,256,355,20
257,257,356,21
257,257,357,22
258,258,357,22
258,258,358,23
259,259,359,24