157,120,2128,1100,1628,2,7,321,182,20,10
157,120,2132,1100,1632,2,7,338,183,20,11
157,120,2136,1100,1636,2,7,355,183,20,11
158,120,2139,1100,1639,2,8,372,183,20,11
158,120,2143,1100,1643,2,8,389,183,20,11
158,120,2147,1100,1647,2,8,405,183,20,11
159,120,2150,1100,1650,3,8,422,184,20,11
159,120,2154,1100,1654,3,8,438,184,20,11
159,120,2158,1100,1658,3,8,454,184,20,11
160,120,2161,1100,1661,3,8,469,184,20,11
160,120,2165,1100,1665,3,8,485,184,20,11
160,120,2169,1100,1669,3,8,500,185,20,11
161,120,2172,1100,1672,3,8,515,185,20,11
161,120,2176,1100,1676,3,8,529,185,20,11
161,120,2180,1100,1680,3,8,544,185,20,11
162,120,2183,1100,1683,4,8,558,185,20,11
162,120,2187,1100,1687,4,8,572,186,20,11
162,120,2190,1100,1690,4,8,586,186,20,11
163,120,2194,1100,1694,4,8,599,186,20,11
163,120,2198,1100,1698,4,9,612,186,20,11
163,120,2201,1100,1701,4,9,625,186,20,11
164,120,2205,1100,1705,4,9,638,187,20,11
164,120,2208,1100,1708,4,9,650,187,20,11
164,120,2212,1100,1712,4,9,663,187,20,12
164,120,2215,1100,1715,4,9,674,187,20,12
165,120,2219,1100,1719,4,9,686,187,20,12
165,120,2223,1100,1723,5,9,698,188,20,12
165,120,2226,1100,1726,5,9,709,188,20,12
166,120,2230,1100,1730,5,9,720,188,20,12
166,120,2233,1100,1733,5,9,730,188,20,12
166,120,2237,1100,1737,5,9,741,188,20,12
167,120,2240,1100,1740,5,9,751,189,20,12
167,120,2244,1100,1744,5,9,761,189,20,12
167,120,2247,1100,1747,5,9,770,189,20,12
167,120,2251,1100,1751,5,9,780,189,20,12
168,120,2254,1100,1754,5,9,789,189,20,12
168,120,2257,1100,1757,5,9,798,189,20,12
168,120,2261,1100,1761,5,9,806,190,20,12
169,120,2264,1100,1764,5,9,815,190,20,12
169,120,2268,1100,1768,5,9,823,190,20,12
169,120,2271,1100,1771,5,9,831,190,20,12
170,120,2275,1100,1775,6,9,838,190,20,12
170,120,2278,1100,1778,6,9,846,191,20,12
170,120,2281,1100,1781,6,9,853,191,20,12
170,120,2285,1100,1785,6,9,860,191,20,12
171,120,2288,1100,1788,6,9,867,191,20,12
171,120,2292,1100,1792,6,9,873,191,20,12
171,120,2295,1100,1795,6,9,879,192,20,13
172,120,2298,1100,1798,6,9,885,192,20,13
172,120,2302,1100,1802,6,9,891,192,20,13
172,120,2305,1100,1805,6,9,897,192,20,13
172,120,2308,1100,1808,6,9,902,192,20,13
173,120,2312,1100,1812,6,10,907,192,20,13
173,120,2315,1100,1815,6,10,912,193,20,13
173,120,2318,1100,1818,6,10,917,193,20,13
173,120,2321,1100,1821,6,10,922,193,20,13
174,120,2325,1100,1825,6,10,926,193,20,13
174,120,2328,1100,1828,6,10,930,193,20,13
174,120,2331,1100,1831,6,10,934,194,20,13
175,120,2334,1100,1834,6,10,938,194,20,13
175,120,2338,1100,1838,6,10,942,194,20,13
175,120,2341,1100,1841,6,10,945,194,20,13
175,120,2344,1100,1844,6,10,949,194,20,13
176,120,2347,1100,1847,6,10,952,194,20,13
176,120,2351,1100,1851,6,10,955,195,20,13
176,120,2354,1100,1854,6,10,958,195,20,13
176,120,2357,1100,1857,6,10,960,195,20,13
177,120,2360,1100,1860,6,10,963,195,20,13
177,120,2363,1100,1863,6,10,965,195,20,13
177,120,2366,1100,1866,6,10,968,195,20,13
177,120,2370,1100,1870,7,10,970,196,20,13
178,120,2373,1100,1873,7,10,972,196,20,13
178,120,2376,1100,1876,7,10,974,196,20,13
178,120,2379,1100,1879,7,10,975,196,20,13
178,120,2382,1100,1882,7,10,977,196,20,13
178,120,2385,1100,1885,7,11,979,196,20,13
179,120,2388,1100,1888,7,11,980,197,20,14
179,120,2391,1100,1891,7,11,981,197,20,14
179,120,2394,1100,1894,7,11,982,197,20,14
179,120,2397,1100,1897,7,11,984,197,20,14
180,120,2400,1100,1900,7,11,985,197,20,14
180,120,2403,1100,1903,7,11,985,197,20,14
180,120,2406,1100,1906,7,11,986,198,20,14
180,120,2409,1100,1909,7,11,987,198,20,14
181,120,2412,1100,1912,7,11,988,198,20,14
181,120,2415,1100,1915,7,11,988,198,20,14
181,120,2418,1100,1918,7,11,989,198,20,14
181,120,2421,1100,1921,7,11,989,198,20,14
181,120,2424,1100,1924,7,11,990,199,20,14
182,120,2427,1100,1927,7,11,990,199,20,14
182,120,2430,1100,1930,7,11,990,199,20,14
182,120,2433,1100,1933,7,12,991,199,20,14
182,120,2436,1100,1936,7,12,991,199,20,14
182,120,2439,1100,1939,7,12,991,199,20,14
183,120,2442,1100,1942,7,12,991,199,20,14
183,120,2444,1100,1944,7,12,991,200,20,14
183,120,2447,1100,1947,7,12,991,200,20,14
183,120,2450,1100,1950,7,12,991,200,20,14
183,120,2453,1100,1953,7,12,991,200,20,14
184,120,2456,1100,1956,7,12,991,200,20,14
184,120,2459,1100,1959,7,12,991,200,20,14
184,120,2461,1100,1961,7,12,991,200,20,14
184,120,2464,1100,1964,7,12,991,201,20,14
184,120,2467,1100,1967,7,12,991,201,20,14
184,120,2470,1100,1970,7,12,991,201,20,14
185,120,2472,1100,1972,7,12,990,201,20,14
185,120,2475,1100,1975,7,13,990,201,20,14
185,120,2478,1100,1978,7,13,990,201,20,14
185,120,2481,1100,1981,7,13,990,201,20,14
185,120,2483,1100,1983,7,13,990,202,20,14
185,120,2486,1100,1986,7,13,989,202,20,14
186,120,2489,1100,1989,7,13,989,202,20,14
186,120,2491,1100,1991,7,13,989,202,20,14
186,120,2494,1100,1994,7,13,989,202,20,14
186,120,2497,1100,1997,7,13,989,202,20,14
186,120,2499,1100,1999,7,13,988,202,20,14
186,120,2502,1100,2002,7,13,988,203,20,14
187,120,2504,1100,2004,7,13,988,203,20,14
187,120,2507,1100,2007,7,13,988,203,20,15
187,120,2510,1100,2010,7,13,988,203,20,15
187,120,2512,1100,2012,7,13,987,203,20,15
187,120,2515,1100,2015,7,13,987,203,20,15
187,120,2517,1100,2017,7,13,987,203,20,15
187,120,2520,1100,2020,7,13,987,203,20,15
188,120,2522,1100,2022,7,13,986,204,20,15
188,120,2525,1100,2025,7,13,986,204,20,15
188,120,2527,1100,2027,7,14,986,204,20,15
188,120,2530,1100,2030,7,14,986,204,20,15
188,120,2532,1100,2032,7,14,986,204,20,15
188,120,2535,1100,2035,7,14,985,204,20,15
188,120,2537,1100,2037,7,14,985,204,20,15
189,120,2540,1100,2040,7,14,985,204,20,15
189,120,2542,1100,2042,7,14,985,205,20,15
189,120,2544,1100,2044,7,14,985,205,20,15
189,120,2547,1100,2047,7,14,984,205,20,15
189,120,2549,1100,2049,7,14,984,205,20,15
189,120,2551,1100,2051,7,14,984,205,20,15
189,120,2554,1100,2054,7,14,984,205,20,15
189,120,2556,1100,2056,7,14,983,205,20,15
189,120,2558,1100,2058,7,14,983,205,20,15
190,120,2561,1100,2061,7,14,983,205,20,15
190,120,2563,1100,2063,7,14,983,206,20,15
190,120,2565,1100,2065,7,14,982,206,20,15
190,120,2568,1100,2068,7,14,982,206,20,15
190,120,2570,1100,2070,7,14,981,206,20,15
190,120,2572,1100,2072,7,13,981,206,20,15
190,120,2574,1100,2074,7,13,981,206,20,15
190,120,2577,1100,2077,7,13,980,206,20,15
190,120,2579,1100,2079,7,13,980,206,20,15
190,120,2581,1100,2081,7,13,979,206,20,15
190,120,2583,1100,2083,7,13,979,207,20,15
191,120,2585,1100,2085,7,13,978,207,20,15
191,120,2587,1100,2087,7,13,977,207,20,15
191,120,2590,1100,2090,7,13,977,207,20,15
191,120,2592,1100,2092,7,13,976,207,20,15
191,120,2594,1100,2094,7,13,975,207,20,15
191,120,2596,1100,2096,7,13,974,207,20,15
191,120,2598,1100,2098,7,13,973,207,20,15
191,120,2600,1100,2100,7,13,972,207,20,15
191,120,2602,1100,2102,7,13,971,207,20,15
191,120,2604,1100,2104,7,13,970,207,20,15
191,120,2606,1100,2106,7,13,969,208,20,15
191,120,2608,1100,2108,7,13,968,208,20,15
191,120,2610,1100,2110,7,12,967,208,20,15
191,120,2612,1100,2112,7,12,965,208,20,15
191,120,2614,1100,2114,7,12,964,208,20,15
192,120,2616,1100,2116,7,12,962,208,20,15
192,120,2618,1100,2118,7,12,961,208,20,15
192,120,2620,1100,2120,7,12,959,208,20,15
192,120,2622,1100,2122,7,12,957,208,20,15
192,120,2624,1100,2124,7,12,955,208,20,15
192,120,2626,1100,2126,7,12,954,208,20,15
192,120,2628,1100,2128,7,12,952,208,20,15
192,120,2629,1100,2129,7,12,949,209,20,15
192,120,2631,1100,2131,7,11,947,209,20,15
192,120,2633,1100,2133,7,11,945,209,20,15
192,120,2635,1100,2135,7,11,942,209,20,15
192,120,2637,1100,2137,7,11,940,209,20,15
192,120,2639,1100,2139,7,11,937,209,20,15
192,120,2640,1100,2140,7,11,935,209,20,15
192,120,2642,1100,2142,7,11,932,209,20,15
192,120,2644,1100,2144,7,11,929,209,20,15
192,120,2646,1100,2146,7,11,926,209,20,15
192,120,2647,1100,2147,7,10,923,209,20,15
192,120,2649,1100,2149,7,10,919,209,20,15
192,120,2651,1100,2151,7,10,916,209,20,15
192,120,2653,1100,2153,7,10,912,209,20,15
192,120,2654,1100,2154,7,10,909,210,20,15
192,120,2656,1100,2156,7,10,905,210,20,15
192,120,2658,1100,2158,7,10,901,210,20,15
192,120,2659,1100,2159,7,10,897,210,20,15
192,120,2661,1100,2161,7,10,893,210,20,15
192,120,2662,1100,2162,7,9,889,210,20,15
192,120,2664,1100,2164,7,9,885,210,20,15
192,120,2666,1100,2166,7,9,880,210,20,15
192,120,2667,1100,2167,7,9,875,210,20,15
192,120,2669,1100,2169,7,9,871,210,20,15
192,120,2670,1100,2170,7,9,866,210,20,15
192,120,2672,1100,2172,7,9,861,210,20,15
192,120,2673,1100,2173,7,9,856,210,20,15
192,120,2675,1100,2175,7,9,851,210,20,15
192,120,2676,1100,2176,6,8,845,210,20,15
192,120,2678,1100,2178,6,8,840,210,20,15
192,120,2679,1100,2179,6,8,834,210,20,15
192,120,2681,1100,2181,6,8,828,210,20,15
192,120,2682,1100,2182,6,8,823,211,20,15
192,120,2683,1100,2183,6,8,817,211,20,15
192,120,2685,1100,2185,6,8,810,211,20,15
192,120,2686,1100,2186,6,8,804,211,20,15
192,120,2688,1100,2188,6,8,798,211,20,15
192,120,2689,1100,2189,6,8,791,211,20,15
192,120,2690,1100,2190,6,8,785,211,20,15
192,120,2692,1100,2192,6,7,778,211,20,15
192,120,2693,1100,2193,6,7,771,211,20,15
192,120,2694,1100,2194,6,7,764,211,20,15
192,120,2696,1100,2196,6,7,757,211,20,15
192,120,2697,1100,2197,6,7,750,211,20,15
192,120,2698,1100,2198,6,7,743,211,20,15
192,120,2699,1100,2199,5,7,736,211,20,15
192,120,2701,1100,2201,5,7,728,211,20,15
192,120,2702,1100,2202,5,7,721,211,20,15
191,120,2703,1100,2203,5,7,713,211,20,15
191,120,2704,1100,2204,5,7,705,211,20,15
191,120,2706,1100,2206,5,7,697,211,20,15
191,120,2707,1100,2207,5,7,690,211,20,15
191,120,2708,1100,2208,5,7,682,211,20,15
191,120,2709,1100,2209,5,7,673,211,20,14
191,120,2710,1100,2210,5,6,665,211,20,14
191,120,2711,1100,2211,5,6,657,211,20,14
191,120,2712,1100,2212,5,6,649,211,20,14
191,120,2714,1100,2214,5,6,640,211,20,14
191,120,2715,1100,2215,5,6,632,211,20,14
191,120,2716,1100,2216,5,6,623,211,20,14
191,120,2717,1100,2217,4,6,615,211,20,14
191,120,2718,1100,2218,4,6,606,211,20,14
191,120,2719,1100,2219,4,6,597,211,20,14
191,120,2720,1100,2220,4,6,588,211,20,14
190,120,2721,1100,2221,4,6,579,212,20,14
190,120,2722,1100,2222,4,6,571,212,20,14
190,120,2723,1100,2223,4,6,562,212,20,14
190,120,2724,1100,2224,4,6,553,212,20,14
190,120,2725,1100,2225,4,6,544,212,20,14
190,120,2726,1100,2226,4,6,535,212,20,14
190,120,2727,1100,2227,4,6,525,212,20,14
190,120,2727,1100,2227,4,6,516,212,20,14
190,120,2728,1100,2228,4,6,507,212,20,14
190,120,2729,1100,2229,4,6,498,212,20,14
190,120,2730,1100,2230,3,6,489,212,20,14
190,120,2731,1100,2231,3,6,480,212,20,14
190,120,2732,1100,2232,3,6,471,212,20,14
189,120,2733,1100,2233,3,6,461,212,20,14
189,120,2733,1100,2233,3,6,452,212,20,14
189,120,2734,1100,2234,3,6,443,212,20,14
189,120,2735,1100,2235,3,6,434,212,20,14
189,120,2736,1100,2236,3,6,425,212,20,14
189,120,2737,1100,2237,3,6,415,212,20,14
189,120,2737,1100,2237,3,6,406,212,20,14
189,120,2738,1100,2238,3,6,397,212,20,14
189,120,2739,1100,2239,3,6,388,212,20,14
189,120,2740,1100,2240,3,6,379,212,20,14
189,120,2740,1100,2240,3,6,370,212,20,14
188,120,2741,1100,2241,3,6,361,212,20,14
188,120,2742,1100,2242,3,6,352,212,20,14
188,120,2742,1100,2242,2,6,343,212,20,14
188,120,2743,1100,2243,2,6,334,212,20,14
188,120,2744,1100,2244,2,6,325,212,20,14
188,120,2744,1100,2244,2,6,317,212,20,14
188,120,2745,1100,2245,2,6,308,212,20,14
188,120,2746,1100,2246,2,6,299,212,20,14
188,120,2746,1100,2246,2,6,291,212,20,14
188,120,2747,1100,2247,2,6,282,212,20,14
187,120,2747,1100,2247,2,6,274,212,20,14
187,120,2748,1100,2248,2,6,265,211,20,14
187,120,2748,1100,2248,2,6,257,211,20,14
187,120,2749,1100,2249,2,6,249,211,20,14
187,120,2749,1100,2249,2,6,241,211,20,14
187,120,2750,1100,2250,2,6,233,211,20,14
187,120,2750,1100,2250,2,6,225,211,20,14
187,120,2751,1100,2251,2,6,217,211,20,14
186,120,2751,1100,2251,2,6,209,211,20,14
186,120,2752,1100,2252,2,6,201,211,20,14
186,120,2752,1100,2252,2,6,194,211,20,14
186,120,2753,1100,2253,2,6,186,211,20,14
186,120,2753,1100,2253,2,6,179,211,20,14
186,120,2754,1100,2254,1,6,171,211,20,13
186,120,2754,1100,2254,1,6,164,211,20,13
186,120,2754,1100,2254,1,6,157,211,20,13
186,120,2755,1100,2255,1,6,150,211,20,13
185,120,2755,1100,2255,1,6,143,211,20,13
185,120,2755,1100,2255,1,6,136,211,20,13
185,120,2756,1100,2256,1,6,129,211,20,13
185,120,2756,1100,2256,1,6,123,211,20,13
185,120,2756,1100,2256,1,6,116,211,20,13
185,120,2757,1100,2257,1,6,110,211,20,13
185,120,2757,1100,2257,1,6,103,211,20,13
185,120,2757,1100,2257,1,6,97,211,20,13
184,120,2758,1100,2258,1,6,91,211,20,13
184,120,2758,1100,2258,1,6,85,211,20,13
184,120,2758,1100,2258,1,6,79,211,20,13
184,120,2758,1100,2258,1,6,74,211,20,13
184,120,2759,1100,2259,1,6,68,211,20,13
184,120,2759,1100,2259,1,6,63,211,20,13
184,120,2759,1100,2259,1,6,57,211,20,13
184,120,2759,1100,2259,1,6,52,211,20,13
183,120,2759,1100,2259,1,6,47,211,20,13
183,120,2759,1100,2259,1,6,42,211,20,13
183,120,2760,1100,2260,1,6,37,211,20,13
183,120,2760,1100,2260,1,6,32,210,20,13
183,120,2760,1100,2260,1,6,27,210,20,13
183,120,2760,1100,2260,1,6,23,210,20,13
183,120,2760,1100,2260,1,6,18,210,20,13
183,120,2760,1100,2260,1,6,14,210,20,13
182,120,2760,1100,2260,1,6,9,210,20,13
182,120,2760,1100,2260,1,6,5,210,20,13
182,120,2760,1100,2260,1,6,1,210,20,13
182,120,2761,1100,2261,1,6,-2,210,20,13
182,120,2761,1100,2261,1,5,-6,210,20,13
182,120,2761,1100,2261,1,5,-10,210,20,13
182,120,2761,1100,2261,1,5,-13,210,20,13
181,120,2761,1100,2261,1,5,-17,210,20,13
181,120,2761,1100,2261,1,5,-20,210,20,13
181,120,2761,1100,2261,1,5,-24,210,20,13
181,120,2761,1100,2261,1,5,-27,210,20,13
181,120,2761,1100,2261,1,5,-30,210,20,13
181,120,2761,1100,2261,1,5,-34,210,20,13
181,120,2761,1100,2261,1,5,-37,210,20,13
181,120,2760,1100,2260,1,5,-40,210,20,13
180,120,2760,1100,2260,1,5,-43,210,20,13
180,120,2760,1100,2260,1,5,-45,209,20,13
180,120,2760,1100,2260,1,5,-48,209,20,13
180,120,2760,1100,2260,1,4,-51,209,20,13
180,120,2760,1100,2260,1,4,-54,209,20,13
180,120,2760,1100,2260,1,4,-56,209,20,13
180,120,2760,1100,2260,1,4,-59,209,20,13
179,120,2760,1100,2260,1,4,-61,209,20,13
179,120,2760,1100,2260,1,4,-64,209,20,12
179,120,2759,1100,2259,2,4,-66,209,20,12
179,120,2759,1100,2259,2,4,-68,209,20,12
179,120,2759,1100,2259,2,4,-71,209,20,12
179,120,2759,1100,2259,2,4,-73,209,20,12
179,120,2759,1100,2259,2,4,-75,209,20,12
178,120,2758,1100,2258,2,4,-77,209,20,12
178,120,2758,1100,2258,2,4,-79,209,20,12
178,120,2758,1100,2258,2,3,-81,209,20,12
178,120,2758,1100,2258,2,3,-83,209,20,12
178,120,2757,1100,2257,2,3,-85,209,20,12
178,120,2757,1100,2257,2,3,-87,208,20,12
178,120,2757,1100,2257,2,3,-89,208,20,12
178,120,2757,1100,2257,2,3,-91,208,20,12
177,120,2756,1100,2256,2,3,-93,208,20,12
177,120,2756,1100,2256,2,3,-95,208,20,12
177,120,2756,1100,2256,2,3,-97,208,20,12
177,120,2756,1100,2256,2,3,-99,208,20,12
177,120,2755,1100,2255,2,3,-101,208,20,12
177,120,2755,1100,2255,2,3,-103,208,20,12
177,120,2755,1100,2255,2,3,-105,208,20,12
176,120,2754,1100,2254,2,2,-106,208,20,12
176,120,2754,1100,2254,2,2,-108,208,20,12
176,120,2753,1100,2253,2,2,-110,208,20,12
176,120,2753,1100,2253,2,2,-112,208,20,12
176,120,2753,1100,2253,2,2,-114,208,20,12
176,120,2752,1100,2252,2,2,-116,207,20,12
176,120,2752,1100,2252,2,2,-118,207,20,12
176,120,2752,1100,2252,2,2,-120,207,20,12
175,120,2751,1100,2251,2,2,-122,207,20,12
175,120,2751,1100,2251,2,2,-124,207,20,12
175,120,2750,1100,2250,2,2,-126,207,20,12
175,120,2750,1100,2250,2,2,-128,207,20,12
175,120,2749,1100,2249,2,2,-131,207,20,12
175,120,2749,1100,2249,2,2,-133,207,20,12
175,120,2748,1100,2248,2,2,-135,207,20,12
174,120,2748,1100,2248,2,2,-137,207,20,12
174,120,2748,1100,2248,2,2,-140,207,20,12
174,120,2747,1100,2247,2,2,-142,207,20,12
174,120,2747,1100,2247,2,2,-144,207,20,12
174,120,2746,1100,2246,2,2,-147,206,20,12
174,120,2746,1100,2246,2,1,-149,206,20,12
174,120,2745,1100,2245,2,1,-152,206,20,12
174,120,2744,1100,2244,2,1,-154,206,20,12
173,120,2744,1100,2244,2,1,-157,206,20,12
173,120,2743,1100,2243,2,1,-159,206,20,12
173,120,2743,1100,2243,2,1,-162,206,20,12
173,120,2742,1100,2242,2,1,-165,206,20,12
173,120,2742,1100,2242,2,1,-168,206,20,12
173,120,2741,1100,2241,2,1,-170,206,20,12
173,120,2741,1100,2241,2,1,-173,206,20,12
173,120,2740,1100,2240,2,1,-176,206,20,12
172,120,2739,1100,2239,2,1,-179,206,20,12
172,120,2739,1100,2239,2,1,-182,206,20,12
172,120,2738,1100,2238,2,1,-185,205,20,12
172,120,2738,1100,2238,2,1,-189,205,20,12
172,120,2737,1100,2237,2,1,-192,205,20,12
172,120,2736,1100,2236,1,1,-195,205,20,12
172,120,2736,1100,2236,1,1,-198,205,20,12
172,120,2735,1100,2235,1,1,-202,205,20,12
172,120,2734,1100,2234,1,1,-205,205,20,12
171,120,2734,1100,2234,1,1,-209,205,20,12
171,120,2733,1100,2233,1,1,-212,205,20,12
171,120,2732,1100,2232,1,1,-216,205,20,12
171,120,2732,1100,2232,1,1,-220,205,20,12
171,120,2731,1100,2231,1,1,-223,205,20,12
171,120,2730,1100,2230,1,1,-227,205,20,11
171,120,2730,1100,2230,1,1,-231,204,20,11
171,120,2729,1100,2229,1,1,-235,204,20,11
171,120,2728,1100,2228,1,2,-238,204,20,11
170,120,2727,1100,2227,1,2,-242,204,20,11
170,120,2727,1100,2227,1,2,-246,204,20,11
170,120,2726,1100,2226,1,2,-250,204,20,11
170,120,2725,1100,2225,1,2,-254,204,20,11
170,120,2724,1100,2224,1,2,-258,204,20,11
170,120,2724,1100,2224,1,2,-262,204,20,11
170,120,2723,1100,2223,0,2,-267,204,20,11
170,120,2722,1100,2222,0,2,-271,204,20,11
170,120,2721,1100,2221,0,2,-275,204,20,11
169,120,2721,1100,2221,0,2,-279,204,20,11
169,120,2720,1100,2220,0,2,-283,203,20,11
169,120,2719,1100,2219,0,2,-288,203,20,11
169,120,2718,1100,2218,0,2,-292,203,20,11
169,120,2718,1100,2218,0,2,-296,203,20,11
169,120,2717,1100,2217,0,2,-301,203,20,11
169,120,2716,1100,2216,0,2,-305,203,20,11
169,120,2715,1100,2215,0,2,-309,203,20,11
169,120,2714,1100,2214,0,2,-314,203,20,11
168,120,2713,1100,2213,0,2,-318,203,20,11
168,120,2713,1100,2213,0,2,-322,203,20,11
168,120,2712,1100,2212,0,2,-327,203,20,11
168,120,2711,1100,2211,0,2,-331,203,20,11
168,120,2710,1100,2210,0,2,-336,202,20,11
168,120,2709,1100,2209,0,2,-340,202,20,11
168,120,2708,1100,2208,0,2,-344,202,20,11
168,120,2708,1100,2208,0,2,-349,202,20,11
168,120,2707,1100,2207,0,2,-353,202,20,11
168,120,2706,1100,2206,0,2,-357,202,20,11
168,120,2705,1100,2205,0,2,-362,202,20,11
167,120,2704,1100,2204,0,2,-366,202,20,11
167,120,2703,1100,2203,0,2,-370,202,20,11
167,120,2702,1100,2202,-1,2,-375,202,20,11
167,120,2701,1100,2201,-1,2,-379,202,20,11
167,120,2700,1100,2200,-1,2,-383,202,20,11
167,120,2700,1100,2200,-1,2,-387,202,20,11
167,120,2699,1100,2199,-1,2,-391,201,20,11
167,120,2698,1100,2198,-1,2,-396,201,20,11
167,120,2697,1100,2197,-1,2,-400,201,20,11
167,120,2696,1100,2196,-1,2,-404,201,20,11
167,120,2695,1100,2195,-1,2,-408,201,20,11
166,120,2694,1100,2194,-1,2,-412,201,20,11
166,120,2693,1100,2193,-1,2,-416,201,20,11
166,120,2692,1100,2192,-2,2,-419,201,20,11
166,120,2691,1100,2191,-2,2,-423,201,20,11
166,120,2690,1100,2190,-2,2,-427,201,20,11
166,120,2689,1100,2189,-2,2,-431,201,20,11
166,120,2688,1100,2188,-2,2,-434,201,20,11
166,120,2687,1100,2187,-2,2,-438,200,20,11
166,120,2686,1100,2186,-2,2,-442,200,20,11
166,120,2685,1100,2185,-2,2,-445,200,20,11
166,120,2684,1100,2184,-2,2,-448,200,20,11
166,120,2683,1100,2183,-2,2,-452,200,20,11
165,120,2682,1100,2182,-2,2,-455,200,20,11
165,120,2681,1100,2181,-3,2,-458,200,20,11
165,120,2680,1100,2180,-3,2,-461,200,20,11
165,120,2679,1100,2179,-3,2,-465,200,20,11
165,120,2679,1100,2179,-3,2,-468,200,20,11
165,120,2678,1100,2178,-3,2,-471,200,20,11
165,120,2676,1100,2176,-3,2,-473,200,20,11
165,120,2675,1100,2175,-3,1,-476,200,20,11
165,120,2674,1100,2174,-3,1,-479,199,20,11
165,120,2673,1100,2173,-3,1,-482,199,20,11
165,120,2672,1100,2172,-3,1,-484,199,20,11
165,120,2671,1100,2171,-3,1,-487,199,20,11
165,120,2670,1100,2170,-3,1,-489,199,20,11
165,120,2669,1100,2169,-4,1,-492,199,20,11
164,120,2668,1100,2168,-4,1,-494,199,20,11
164,120,2667,1100,2167,-4,1,-496,199,20,11
164,120,2666,1100,2166,-4,1,-498,199,20,11
164,120,2665,1100,2165,-4,1,-500,199,20,11
164,120,2664,1100,2164,-4,1,-502,199,20,11
164,120,2663,1100,2163,-4,0,-504,199,20,11
164,120,2662,1100,2162,-4,0,-506,199,20,11
164,120,2661,1100,2161,-4,0,-508,198,20,11
164,120,2660,1100,2160,-4,0,-510,198,20,11
164,120,2659,1100,2159,-4,0,-511,198,20,11
164,120,2658,1100,2158,-4,0,-513,198,20,11
164,120,2657,1100,2157,-4,0,-514,198,20,11
164,120,2656,1100,2156,-5,0,-516,198,20,11
164,120,2655,1100,2155,-5,0,-517,198,20,11
164,120,2654,1100,2154,-5,0,-518,198,20,11
164,120,2653,1100,2153,-5,0,-519,198,20,11
163,120,2651,1100,2151,-5,0,-521,198,20,11
163,120,2650,1100,2150,-5,0,-522,198,20,11
163,120,2649,1100,2149,-5,0,-523,198,20,11
163,120,2648,1100,2148,-5,0,-524,198,20,11
163,120,2647,1100,2147,-5,0,-524,198,20,11
163,120,2646,1100,2146,-5,0,-525,197,20,11
163,120,2645,1100,2145,-5,-1,-526,197,20,11
163,120,2644,1100,2144,-5,-1,-527,197,20,11
163,120,2643,1100,2143,-5,-1,-527,197,20,11
163,120,2642,1100,2142,-5,-1,-528,197,20,11
163,120,2641,1100,2141,-5,-1,-529,197,20,11
163,120,2639,1100,2139,-6,-1,-529,197,20,11
163,120,2638,1100,2138,-6,-1,-530,197,20,11
163,120,2637,1100,2137,-6,-2,-530,197,20,11
163,120,2636,1100,2136,-6,-2,-530,197,20,11
163,120,2635,1100,2135,-6,-2,-531,197,20,11
163,120,2634,1100,2134,-6,-2,-531,197,20,11
163,120,2633,1100,2133,-6,-2,-531,197,20,11
162,120,2632,1100,2132,-6,-2,-532,197,20,11
162,120,2631,1100,2131,-6,-2,-532,196,20,11
162,120,2630,1100,2130,-6,-3,-532,196,20,11
162,120,2628,1100,2128,-6,-3,-532,196,20,11
162,120,2627,1100,2127,-6,-3,-533,196,20,11
162,120,2626,1100,2126,-6,-3,-533,196,20,11
162,120,2625,1100,2125,-6,-3,-533,196,20,11
162,120,2624,1100,2124,-6,-3,-533,196,20,11
162,120,2623,1100,2123,-6,-3,-533,196,20,11
162,120,2622,1100,2122,-6,-3,-533,196,20,11
162,120,2621,1100,2121,-6,-4,-533,196,20,11
162,120,2619,1100,2119,-6,-4,-533,196,20,11
162,120,2618,1100,2118,-6,-4,-534,196,20,11
162,120,2617,1100,2117,-7,-4,-534,196,20,11
162,120,2616,1100,2116,-7,-4,-534,196,20,11
162,120,2615,1100,2115,-7,-4,-534,196,20,11
162,120,2614,1100,2114,-7,-4,-534,195,20,11
162,120,2613,1100,2113,-7,-4,-534,195,20,11
162,120,2611,1100,2111,-7,-5,-535,195,20,11
162,120,2610,1100,2110,-7,-5,-535,195,20,11
162,120,2609,1100,2109,-7,-5,-535,195,20,11
161,120,2608,1100,2108,-7,-5,-535,195,20,11
161,120,2607,1100,2107,-7,-5,-536,195,20,11
161,120,2606,1100,2106,-7,-5,-536,195,20,11
161,120,2605,1100,2105,-7,-5,-536,195,20,11
161,120,2604,1100,2104,-7,-5,-537,195,20,11
161,120,2602,1100,2102,-7,-5,-537,195,20,11
161,120,2601,1100,2101,-7,-6,-538,195,20,11
161,120,2600,1100,2100,-7,-6,-538,195,20,11
161,120,2599,1100,2099,-7,-6,-539,195,20,11
161,120,2598,1100,2098,-7,-6,-540,195,20,11
161,120,2597,1100,2097,-7,-6,-540,195,20,11
161,120,2596,1100,2096,-7,-6,-541,194,20,11
161,120,2594,1100,2094,-7,-6,-542,194,20,11
161,120,2593,1100,2093,-7,-6,-543,194,20,11
161,120,2592,1100,2092,-7,-6,-544,194,20,11
161,120,2591,1100,2091,-7,-6,-545,194,20,11
161,120,2590,1100,2090,-7,-7,-546,194,20,11
161,120,2589,1100,2089,-7,-7,-547,194,20,11
161,120,2587,1100,2087,-7,-7,-548,194,20,11
161,120,2586,1100,2086,-7,-7,-549,194,20,11
161,120,2585,1100,2085,-7,-7,-551,194,20,11
161,120,2584,1100,2084,-8,-7,-552,194,20,11
161,120,2583,1100,2083,-8,-7,-554,194,20,11
160,120,2582,1100,2082,-8,-7,-555,194,20,11
160,120,2581,1100,2081,-8,-7,-557,194,20,11
160,120,2579,1100,2079,-8,-7,-559,194,20,11
160,120,2578,1100,2078,-8,-7,-560,194,20,11
160,120,2577,1100,2077,-8,-7,-562,194,20,11
160,120,2576,1100,2076,-8,-7,-564,194,20,11
160,120,2575,1100,2075,-8,-7,-566,193,20,11
160,120,2574,1100,2074,-8,-7,-568,193,20,11
160,120,2573,1100,2073,-8,-7,-571,193,20,11
160,120,2571,1100,2071,-8,-8,-573,193,20,10
160,120,2570,1100,2070,-8,-8,-575,193,20,10
160,120,2569,1100,2069,-8,-8,-578,193,20,10
160,120,2568,1100,2068,-8,-8,-580,193,20,10
160,120,2567,1100,2067,-8,-8,-583,193,20,10
160,120,2566,1100,2066,-8,-8,-585,193,20,10
160,120,2564,1100,2064,-8,-8,-588,193,20,10
160,120,2563,1100,2063,-8,-8,-591,193,20,10
160,120,2562,1100,2062,-8,-8,-594,193,20,10
160,120,2561,1100,2061,-8,-8,-597,193,20,10
160,120,2560,1100,2060,-8,-8,-600,193,20,10
160,120,2559,1100,2059,-8,-8,-603,193,20,10
160,120,2558,1100,2058,-8,-8,-606,193,20,10
160,120,2556,1100,2056,-8,-8,-609,193,20,10
160,120,2555,1100,2055,-8,-8,-612,193,20,10
159,120,2554,1100,2054,-8,-8,-616,193,20,10
159,120,2553,1100,2053,-8,-8,-619,192,20,10
159,120,2552,1100,2052,-8,-8,-623,192,20,10
159,120,2551,1100,2051,-8,-8,-626,192,20,10
159,120,2550,1100,2050,-8,-8,-630,192,20,10
159,120,2548,1100,2048,-9,-8,-633,192,20,10
159,120,2547,1100,2047,-9,-8,-637,192,20,10
159,120,2546,1100,2046,-9,-8,-641,192,20,10
159,120,2545,1100,2045,-9,-8,-644,192,20,10
159,120,2544,1100,2044,-9,-9,-648,192,20,10
159,120,2543,1100,2043,-9,-9,-652,192,20,10
159,120,2542,1100,2042,-9,-9,-656,192,20,10
159,120,2540,1100,2040,-9,-9,-660,192,20,10
159,120,2539,1100,2039,-9,-9,-664,192,20,10
159,120,2538,1100,2038,-9,-9,-668,192,20,10
159,120,2537,1100,2037,-9,-9,-672,192,20,10
159,120,2536,1100,2036,-9,-9,-676,192,20,10
159,120,2535,1100,2035,-9,-9,-680,192,20,10
159,120,2534,1100,2034,-9,-9,-684,192,20,10
159,120,2532,1100,2032,-9,-9,-688,192,20,10
159,120,2531,1100,2031,-9,-9,-692,192,20,10
159,120,2530,1100,2030,-9,-9,-696,192,20,10
158,120,2529,1100,2029,-9,-9,-700,192,20,10
158,120,2528,1100,2028,-9,-9,-704,191,20,10
158,120,2527,1100,2027,-9,-9,-707,191,20,10
158,120,2526,1100,2026,-9,-9,-711,191,20,10
158,120,2524,1100,2024,-9,-9,-715,191,20,10
158,120,2523,1100,2023,-9,-9,-719,191,20,10
158,120,2522,1100,2022,-9,-9,-723,191,20,10
158,120,2521,1100,2021,-9,-9,-727,191,20,10
158,120,2520,1100,2020,-9,-9,-731,191,20,10
158,120,2519,1100,2019,-9,-10,-734,191,20,10
158,120,2518,1100,2018,-9,-10,-738,191,20,10
158,120,2517,1100,2017,-9,-10,-741,191,20,10
158,120,2515,1100,2015,-9,-10,-745,191,20,10
158,120,2514,1100,2014,-9,-10,-748,191,20,10
158,120,2513,1100,2013,-9,-10,-752,191,20,10
158,120,2512,1100,2012,-9,-10,-755,191,20,10
158,120,2511,1100,2011,-9,-10,-758,191,20,10
158,120,2510,1100,2010,-9,-10,-761,191,20,10
157,120,2509,1100,2009,-9,-10,-764,191,20,10
157,120,2508,1100,2008,-9,-10,-767,191,20,10
157,120,2507,1100,2007,-10,-10,-770,191,20,10
157,120,2505,1100,2005,-10,-10,-773,191,20,10
157,120,2504,1100,2004,-10,-10,-776,191,20,10
157,120,2503,1100,2003,-10,-11,-778,191,20,10
157,120,2502,1100,2002,-10,-11,-780,191,20,10
157,120,2501,1100,2001,-10,-11,-783,191,20,10
157,120,2500,1100,2000,-10,-11,-785,190,20,10
157,120,2499,1100,1999,-10,-11,-787,190,20,10
157,120,2498,1100,1998,-10,-11,-788,190,20,10
157,120,2497,1100,1997,-10,-11,-790,190,20,10
157,120,2495,1100,1995,-10,-11,-792,190,20,10
157,120,2494,1100,1994,-10,-11,-793,190,20,10
157,120,2493,1100,1993,-10,-11,-794,190,20,10
156,120,2492,1100,1992,-10,-12,-795,190,20,10
156,120,2491,1100,1991,-10,-12,-796,190,20,10
156,120,2490,1100,1990,-10,-12,-797,190,20,10
156,120,2489,1100,1989,-10,-12,-797,190,20,10
156,120,2488,1100,1988,-10,-12,-798,190,20,10
156,120,2487,1100,1987,-10,-12,-798,190,20,10
156,120,2486,1100,1986,-10,-12,-798,190,20,9
156,120,2484,1100,1984,-10,-12,-797,190,20,9
156,120,2483,1100,1983,-9,-12,-797,190,20,9
156,120,2482,1100,1982,-9,-12,-796,190,20,9
156,120,2481,1100,1981,-9,-13,-796,190,20,9
156,120,2480,1100,1980,-9,-13,-795,190,20,9
156,120,2479,1100,1979,-9,-13,-793,190,20,9
155,120,2478,1100,1978,-9,-13,-792,190,20,9
155,120,2477,1100,1977,-9,-13,-790,190,20,9
155,120,2476,1100,1976,-9,-13,-788,190,20,9
155,120,2475,1100,1975,-9,-13,-786,190,20,9
155,120,2474,1100,1974,-9,-13,-784,190,20,9
155,120,2472,1100,1972,-9,-13,-781,190,20,9
155,120,2471,1100,1971,-9,-14,-779,190,20,9
155,120,2470,1100,1970,-9,-14,-776,190,20,9
155,120,2469,1100,1969,-9,-14,-772,190,20,9
155,120,2468,1100,1968,-9,-14,-769,189,20,9
155,120,2467,1100,1967,-9,-14,-765,189,20,9
155,120,2466,1100,1966,-9,-14,-761,189,20,9
154,120,2465,1100,1965,-9,-14,-757,189,20,9
154,120,2464,1100,1964,-9,-14,-753,189,20,9
154,120,2463,1100,1963,-9,-14,-748,189,20,9
154,120,2462,1100,1962,-9,-15,-743,189,20,9
154,120,2461,1100,1961,-9,-15,-738,189,20,9
154,120,2460,1100,1960,-9,-15,-733,189,20,9
154,120,2458,1100,1958,-9,-15,-727,189,20,9
154,120,2457,1100,1957,-8,-15,-722,189,20,9
154,120,2456,1100,1956,-8,-15,-716,189,20,9
154,120,2455,1100,1955,-8,-15,-709,189,20,9
153,120,2454,1100,1954,-8,-15,-703,189,20,9
153,120,2453,1100,1953,-8,-15,-696,189,20,9
153,120,2452,1100,1952,-8,-15,-689,189,20,9
153,120,2451,1100,1951,-8,-15,-682,189,20,9
153,120,2450,1100,1950,-8,-16,-675,189,20,9
153,120,2449,1100,1949,-8,-16,-667,189,20,9
153,120,2448,1100,1948,-8,-16,-659,189,20,9
153,120,2447,1100,1947,-8,-16,-651,189,20,9
153,120,2446,1100,1946,-8,-16,-643,189,20,9
153,120,2445,1100,1945,-8,-16,-634,189,20,9
152,120,2444,1100,1944,-7,-16,-625,189,20,9
152,120,2443,1100,1943,-7,-16,-616,189,20,9
152,120,2442,1100,1942,-7,-16,-607,189,20,9
152,120,2440,1100,1940,-7,-16,-598,189,20,8
152,120,2439,1100,1939,-7,-16,-588,189,20,8
152,120,2438,1100,1938,-7,-16,-578,189,20,8
152,120,2437,1100,1937,-7,-16,-568,189,20,8
152,120,2436,1100,1936,-7,-16,-558,189,20,8
151,120,2435,1100,1935,-7,-16,-548,189,20,8
151,120,2434,1100,1934,-6,-16,-537,188,20,8
151,120,2433,1100,1933,-6,-16,-526,188,20,8
151,120,2432,1100,1932,-6,-16,-515,188,20,8
151,120,2431,1100,1931,-6,-16,-504,188,20,8
151,120,2430,1100,1930,-6,-17,-493,188,20,8
151,120,2429,1100,1929,-6,-17,-481,188,20,8
151,120,2428,1100,1928,-6,-17,-470,188,20,8
151,120,2427,1100,1927,-6,-17,-458,188,20,8
150,120,2426,1100,1926,-6,-17,-446,188,20,8
150,120,2425,1100,1925,-5,-17,-434,188,20,8
150,120,2424,1100,1924,-5,-17,-422,188,20,8
150,120,2423,1100,1923,-5,-17,-409,188,20,8
150,120,2422,1100,1922,-5,-17,-397,188,20,8
150,120,2421,1100,1921,-5,-17,-384,188,20,8
150,120,2420,1100,1920,-5,-17,-371,188,20,8
149,120,2419,1100,1919,-5,-17,-358,188,20,8
149,120,2418,1100,1918,-4,-16,-345,188,20,8
149,120,2416,1100,1916,-4,-16,-332,188,20,8
149,120,2415,1100,1915,-4,-16,-319,188,20,8
149,120,2414,1100,1914,-4,-16,-306,188,20,8
149,120,2413,1100,1913,-4,-16,-293,188,20,8
149,120,2412,1100,1912,-4,-16,-279,188,20,8
148,120,2411,1100,1911,-4,-16,-266,188,20,8
148,120,2410,1100,1910,-4,-16,-252,188,20,8
148,120,2409,1100,1909,-3,-16,-238,188,20,8
148,120,2408,1100,1908,-3,-16,-225,188,20,8
148,120,2407,1100,1907,-3,-16,-211,188,20,8
148,120,2406,1100,1906,-3,-16,-197,188,20,8
148,120,2405,1100,1905,-3,-16,-183,188,20,8
147,120,2404,1100,1904,-3,-16,-170,188,20,7
147,120,2403,1100,1903,-2,-16,-156,188,20,7
147,120,2402,1100,1902,-2,-16,-142,188,20,7
147,120,2401,1100,1901,-2,-16,-128,187,20,7
147,120,2400,1100,1900,-2,-16,-114,187,20,7
147,120,2399,1100,1899,-2,-15,-100,187,20,7
146,120,2398,1100,1898,-2,-15,-86,187,20,7
146,120,2397,1100,1897,-2,-15,-73,187,20,7
146,120,2396,1100,1896,-1,-15,-59,187,20,7
146,120,2395,1100,1895,-1,-15,-45,187,20,7
146,120,2394,1100,1894,-1,-15,-31,187,20,7
146,120,2393,1100,1893,-1,-15,-18,187,20,7
146,120,2392,1100,1892,-1,-15,-4,187,20,7
145,120,2391,1100,1891,-1,-15,8,187,20,7
145,120,2390,1100,1890,-1,-15,22,187,20,7
145,120,2389,1100,1889,0,-15,35,187,20,7
145,120,2388,1100,1888,0,-14,49,187,20,7
145,120,2387,1100,1887,0,-14,62,187,20,7
145,120,2386,1100,1886,0,-14,75,187,20,7
144,120,2385,1100,1885,0,-14,88,187,20,7
144,120,2384,1100,1884,0,-14,101,187,20,7
144,120,2383,1100,1883,0,-14,114,187,20,7
144,120,2382,1100,1882,0,-14,127,187,20,7
144,120,2381,1100,1881,0,-14,139,187,20,7
143,120,2379,1100,1879,0,-13,152,187,20,7
143,120,2378,1100,1878,0,-13,164,187,20,7
143,120,2377,1100,1877,0,-13,176,187,20,7
143,120,2376,1100,1876,0,-13,189,187,20,7
143,120,2375,1100,1875,0,-13,200,187,20,7
143,120,2374,1100,1874,1,-13,212,187,20,7
142,120,2373,1100,1873,1,-13,224,187,20,7
142,120,2372,1100,1872,1,-13,235,187,20,6
142,120,2371,1100,1871,1,-13,247,186,20,6
142,120,2370,1100,1870,1,-12,258,186,20,6
142,120,2369,1100,1869,1,-12,269,186,20,6
141,120,2368,1100,1868,1,-12,279,186,20,6
141,120,2367,1100,1867,1,-12,290,186,20,6
141,120,2366,1100,1866,2,-12,300,186,20,6
141,120,2365,1100,1865,2,-12,311,186,20,6
141,120,2364,1100,1864,2,-12,321,186,20,6
141,120,2363,1100,1863,2,-12,330,186,20,6
140,120,2362,1100,1862,2,-11,340,186,20,6
140,120,2361,1100,1861,2,-11,350,186,20,6
140,120,2360,1100,1860,2,-11,359,186,20,6
140,120,2359,1100,1859,2,-11,368,186,20,6
140,120,2358,1100,1858,3,-11,376,186,20,6
139,120,2357,1100,1857,3,-11,385,186,20,6
139,120,2356,1100,1856,3,-11,393,186,20,6
139,120,2355,1100,1855,3,-11,402,186,20,6
139,120,2354,1100,1854,3,-10,409,186,20,6
139,120,2353,1100,1853,3,-10,417,186,20,6
138,120,2352,1100,1852,3,-10,425,186,20,6
138,120,2351,1100,1851,3,-10,432,186,20,6
138,120,2350,1100,1850,3,-10,439,186,20,6
138,120,2349,1100,1849,4,-10,446,186,20,6
138,120,2347,1100,1847,4,-10,452,186,20,6
137,120,2346,1100,1846,4,-10,458,185,20,6
137,120,2345,1100,1845,4,-10,465,185,20,6
137,120,2344,1100,1844,4,-9,470,185,20,6
137,120,2343,1100,1843,4,-9,476,185,20,6
137,120,2342,1100,1842,4,-9,481,185,20,6
136,120,2341,1100,1841,4,-9,487,185,20,5
136,120,2340,1100,1840,4,-9,492,185,20,5
136,120,2339,1100,1839,4,-9,496,185,20,5
136,120,2338,1100,1838,4,-9,501,185,20,5
135,120,2337,1100,1837,5,-9,505,185,20,5
135,120,2336,1100,1836,5,-9,509,185,20,5
135,120,2335,1100,1835,5,-9,513,185,20,5
135,120,2334,1100,1834,5,-9,516,185,20,5
135,120,2333,1100,1833,5,-8,520,185,20,5
134,120,2332,1100,1832,5,-8,523,185,20,5
134,120,2331,1100,1831,5,-8,526,185,20,5
134,120,2330,1100,1830,5,-8,529,185,20,5
134,120,2329,1100,1829,5,-8,531,185,20,5
134,120,2327,1100,1827,5,-8,533,185,20,5
133,120,2326,1100,1826,5,-8,535,185,20,5
133,120,2325,1100,1825,5,-8,537,185,20,5
133,120,2324,1100,1824,5,-8,539,184,20,5
133,120,2323,1100,1823,5,-8,540,184,20,5
132,120,2322,1100,1822,5,-8,542,184,20,5
132,120,2321,1100,1821,6,-8,543,184,20,5
132,120,2320,1100,1820,6,-8,544,184,20,5
132,120,2319,1100,1819,6,-7,544,184,20,5
132,120,2318,1100,1818,6,-7,545,184,20,5
131,120,2317,1100,1817,6,-7,545,184,20,5
131,120,2316,1100,1816,6,-7,545,184,20,5
131,120,2315,1100,1815,6,-7,545,184,20,5
131,120,2313,1100,1813,6,-7,545,184,20,5
130,120,2312,1100,1812,6,-7,545,184,20,5
130,120,2311,1100,1811,6,-7,544,184,20,5
130,120,2310,1100,1810,6,-7,543,184,20,5
130,120,2309,1100,1809,6,-7,543,184,20,5
130,120,2308,1100,1808,6,-7,542,184,20,5
129,120,2307,1100,1807,6,-7,541,184,20,5
129,120,2306,1100,1806,6,-7,539,184,20,4
129,120,2305,1100,1805,6,-7,538,183,20,4
129,120,2304,1100,1804,6,-7,536,183,20,4
128,120,2302,1100,1802,6,-7,535,183,20,4
128,120,2301,1100,1801,6,-6,533,183,20,4
128,120,2300,1100,1800,6,-6,531,183,20,4
128,120,2299,1100,1799,6,-6,529,183,20,4
128,120,2298,1100,1798,6,-6,527,183,20,4
127,120,2297,1100,1797,6,-6,525,183,20,4
127,120,2296,1100,1796,6,-6,523,183,20,4
127,120,2295,1100,1795,6,-6,520,183,20,4
127,120,2293,1100,1793,6,-6,518,183,20,4
126,120,2292,1100,1792,6,-6,515,183,20,4
126,120,2291,1100,1791,6,-6,513,183,20,4
126,120,2290,1100,1790,6,-6,510,183,20,4
126,120,2289,1100,1789,7,-6,507,183,20,4
125,120,2288,1100,1788,7,-6,505,183,20,4
125,120,2287,1100,1787,7,-6,502,182,20,4
125,120,2286,1100,1786,7,-5,499,182,20,4
125,120,2284,1100,1784,7,-5,496,182,20,4
125,120,2283,1100,1783,7,-5,493,182,20,4
124,120,2282,1100,1782,7,-5,490,182,20,4
124,120,2281,1100,1781,7,-5,487,182,20,4
124,120,2280,1100,1780,7,-5,484,182,20,4
124,120,2279,1100,1779,7,-5,481,182,20,4
123,120,2277,1100,1777,7,-5,478,182,20,4
123,120,2276,1100,1776,7,-5,475,182,20,4
123,120,2275,1100,1775,7,-5,472,182,20,4
123,120,2274,1100,1774,7,-5,469,182,20,4
123,120,2273,1100,1773,7,-5,466,182,20,4
122,120,2272,1100,1772,7,-4,463,182,20,4
122,120,2270,1100,1770,7,-4,460,181,20,4
122,120,2269,1100,1769,7,-4,456,181,20,4
122,120,2268,1100,1768,7,-4,453,181,20,4
121,120,2267,1100,1767,7,-4,450,181,20,4
121,120,2266,1100,1766,7,-4,448,181,20,4
121,120,2264,1100,1764,7,-4,445,181,20,4
121,120,2263,1100,1763,7,-4,442,181,20,4
120,120,2262,1100,1762,7,-4,439,181,20,4
120,120,2261,1100,1761,7,-3,436,181,20,4
120,120,2260,1100,1760,7,-3,433,181,20,4
120,120,2258,1100,1758,7,-3,431,181,20,3
120,120,2257,1100,1757,7,-3,428,181,20,3
119,120,2256,1100,1756,7,-3,425,181,20,3
119,120,2255,1100,1755,7,-3,423,180,20,3
119,120,2253,1100,1753,7,-3,420,180,20,3
119,120,2252,1100,1752,7,-3,418,180,20,3
118,120,2251,1100,1751,7,-2,416,180,20,3
118,120,2250,1100,1750,7,-2,414,180,20,3
118,120,2248,1100,1748,7,-2,411,180,20,3
118,120,2247,1100,1747,7,-2,409,180,20,3
118,120,2246,1100,1746,7,-2,407,180,20,3
117,120,2245,1100,1745,7,-2,405,180,20,3
117,120,2243,1100,1743,7,-2,404,180,20,3
117,120,2242,1100,1742,7,-1,402,180,20,3
117,120,2241,1100,1741,7,-1,400,180,20,3
116,120,2240,1100,1740,7,-1,399,179,20,3
116,120,2238,1100,1738,7,-1,397,179,20,3
116,120,2237,1100,1737,7,-1,396,179,20,3
116,120,2236,1100,1736,7,-1,394,179,20,3
116,120,2234,1100,1734,7,0,393,179,20,3
115,120,2233,1100,1733,7,0,392,179,20,3
115,120,2232,1100,1732,7,0,391,179,20,3
115,120,2231,1100,1731,7,0,390,179,20,3
115,120,2229,1100,1729,7,0,389,179,20,3
114,120,2228,1100,1728,7,0,388,179,20,3
114,120,2227,1100,1727,7,0,388,179,20,3
114,120,2225,1100,1725,7,0,387,178,20,3
114,120,2224,1100,1724,7,0,387,178,20,3
114,120,2223,1100,1723,7,0,387,178,20,3
113,120,2221,1100,1721,7,0,386,178,20,3
113,120,2220,1100,1720,7,0,386,178,20,3
113,120,2219,1100,1719,7,1,386,178,20,3
113,120,2217,1100,1717,7,1,386,178,20,3
113,120,2216,1100,1716,7,1,386,178,20,3
112,120,2215,1100,1715,7,1,386,178,20,3
112,120,2213,1100,1713,7,1,387,178,20,3
112,120,2212,1100,1712,7,1,387,178,20,3
112,120,2210,1100,1710,7,2,388,177,20,3
112,120,2209,1100,1709,7,2,388,177,20,3
111,120,2208,1100,1708,7,2,389,177,20,3
111,120,2206,1100,1706,7,2,390,177,20,3
111,120,2205,1100,1705,7,2,390,177,20,3
111,120,2204,1100,1704,7,2,391,177,20,3
110,120,2202,1100,1702,7,3,392,177,20,3
110,120,2201,1100,1701,7,3,393,177,20,3
110,120,2199,1100,1699,7,3,395,177,20,3
110,120,2198,1100,1698,7,3,396,177,20,3
110,120,2197,1100,1697,7,3,397,176,20,3
110,120,2195,1100,1695,7,3,398,176,20,3
109,120,2194,1100,1694,7,4,400,176,20,3
109,120,2192,1100,1692,7,4,401,176,20,3
109,120,2191,1100,1691,7,4,403,176,20,3
109,120,2189,1100,1689,7,4,405,176,20,3
109,120,2188,1100,1688,7,4,406,176,20,3
108,120,2187,1100,1687,7,4,408,176,20,3
108,120,2185,1100,1685,7,5,410,176,20,3
108,120,2184,1100,1684,7,5,412,175,20,3
108,120,2182,1100,1682,7,5,413,175,20,3
108,120,2181,1100,1681,7,5,415,175,20,3
107,120,2179,1100,1679,7,5,417,175,20,3
107,120,2178,1100,1678,7,5,419,175,20,3
107,120,2176,1100,1676,7,6,421,175,20,3
107,120,2175,1100,1675,7,6,423,175,20,3
107,120,2173,1100,1673,7,6,425,175,20,3
107,120,2172,1100,1672,7,6,427,175,20,3
106,120,2170,1100,1670,7,6,429,175,20,3
106,120,2169,1100,1669,7,6,432,174,20,3
106,120,2167,1100,1667,7,6,434,174,20,3
106,120,2166,1100,1666,7,6,436,174,20,3
106,120,2164,1100,1664,7,7,438,174,20,3
106,120,2163,1100,1663,7,7,440,174,20,3
105,120,2161,1100,1661,7,7,442,174,20,3
105,120,2160,1100,1660,7,7,445,174,20,3
105,120,2158,1100,1658,7,7,447,174,20,3
105,120,2156,1100,1656,7,7,449,173,20,3
105,120,2155,1100,1655,7,7,451,173,20,3
105,120,2153,1100,1653,7,7,453,173,20,3
104,120,2152,1100,1652,7,7,455,173,20,3
104,120,2150,1100,1650,7,7,457,173,20,3
104,120,2149,1100,1649,7,8,459,173,20,3
104,120,2147,1100,1647,7,8,462,173,20,3
104,120,2145,1100,1645,7,8,464,173,20,3
104,120,2144,1100,1644,7,8,466,173,20,3
103,120,2142,1100,1642,7,8,468,172,20,3
103,120,2141,1100,1641,7,8,469,172,20,3
103,120,2139,1100,1639,7,8,471,172,20,3
103,120,2137,1100,1637,7,8,473,172,20,3
103,120,2136,1100,1636,7,8,475,172,20,3
103,120,2134,1100,1634,7,8,477,172,20,3
103,120,2132,1100,1632,7,8,479,172,20,3
103,120,2131,1100,1631,7,8,480,172,20,3
102,120,2129,1100,1629,7,8,482,171,20,3
102,120,2128,1100,1628,7,8,483,171,20,3
102,120,2126,1100,1626,7,8,485,171,20,3
102,120,2124,1100,1624,7,8,487,171,20,3
102,120,2123,1100,1623,7,9,488,171,20,3
102,120,2121,1100,1621,7,9,489,171,20,3
102,120,2119,1100,1619,7,9,491,171,20,3
101,120,2117,1100,1617,7,9,492,171,20,3
101,120,2116,1100,1616,7,9,493,170,20,3
101,120,2114,1100,1614,7,9,494,170,20,3
101,120,2112,1100,1612,7,9,495,170,20,3
101,120,2111,1100,1611,7,9,496,170,20,3
101,120,2109,1100,1609,7,9,497,170,20,3
101,120,2107,1100,1607,7,9,498,170,20,3
101,120,2105,1100,1605,6,9,499,170,20,3
101,120,2104,1100,1604,6,9,499,170,20,3
100,120,2102,1100,1602,6,9,500,169,20,3
100,120,2100,1100,1600,6,9,501,169,20,3
100,120,2098,1100,1598,6,9,501,169,20,3
100,120,2097,1100,1597,6,9,501,169,20,3
100,120,2095,1100,1595,6,9,502,169,20,4
100,120,2093,1100,1593,6,9,502,169,20,4
100,120,2091,1100,1591,6,9,502,169,20,4
100,120,2090,1100,1590,6,9,502,169,20,4
100,120,2088,1100,1588,6,9,502,168,20,4
100,120,2086,1100,1586,6,9,502,168,20,4
100,120,2084,1100,1584,6,9,502,168,20,4
99,120,2082,1100,1582,6,9,502,168,20,4
99,120,2081,1100,1581,6,9,502,168,20,4
99,120,2079,1100,1579,6,9,502,168,20,4
99,120,2077,1100,1577,6,9,501,168,20,4
99,120,2075,1100,1575,5,9,501,168,20,4
99,120,2073,1100,1573,5,9,500,167,20,4
99,120,2071,1100,1571,5,9,500,167,20,4
99,120,2070,1100,1570,5,8,499,167,20,4
99,120,2068,1100,1568,5,8,499,167,20,4
99,120,2066,1100,1566,5,8,498,167,20,4
99,120,2064,1100,1564,5,8,497,167,20,4
99,120,2062,1100,1562,5,8,496,167,20,4
99,120,2060,1100,1560,5,8,495,166,20,4
99,120,2058,1100,1558,5,8,494,166,20,4
99,120,2056,1100,1556,5,8,493,166,20,4
98,120,2054,1100,1554,5,8,492,166,20,4
98,120,2053,1100,1553,5,8,491,166,20,4
98,120,2051,1100,1551,5,8,490,166,20,4
98,120,2049,1100,1549,5,8,489,166,20,4
98,120,2047,1100,1547,4,8,487,166,20,4
98,120,2045,1100,1545,4,8,486,165,20,4
98,120,2043,1100,1543,4,8,485,165,20,4
98,120,2041,1100,1541,4,8,483,165,20,4
98,120,2039,1100,1539,4,8,482,165,20,4
98,120,2037,1100,1537,4,8,480,165,20,4
98,120,2035,1100,1535,4,8,479,165,20,4
98,120,2033,1100,1533,4,8,477,165,20,4
98,120,2031,1100,1531,4,8,476,164,20,4
98,120,2029,1100,1529,4,8,474,164,20,4
98,120,2027,1100,1527,4,8,473,164,20,4
98,120,2025,1100,1525,4,8,471,164,20,5
98,120,2023,1100,1523,4,8,470,164,20,5
98,120,2021,1100,1521,4,8,468,164,20,5
98,120,2019,1100,1519,3,8,466,164,20,5
98,120,2017,1100,1517,3,8,465,163,20,5
98,120,2015,1100,1515,3,8,463,163,20,5
98,120,2013,1100,1513,3,8,461,163,20,5
98,120,2011,1100,1511,3,8,460,163,20,5
98,120,2009,1100,1509,3,8,458,163,20,5
98,120,2007,1100,1507,3,8,456,163,20,5
98,120,2005,1100,1505,3,8,455,163,20,5
98,120,2003,1100,1503,3,8,453,162,20,5
98,120,2001,1100,1501,3,8,451,162,20,5
98,120,1999,1100,1499,3,8,450,162,20,5
98,120,1997,1100,1497,3,8,448,162,20,5
98,120,1995,1100,1495,3,8,447,162,20,5
98,120,1992,1100,1492,3,8,445,162,20,5
98,120,1990,1100,1490,3,8,444,162,20,5
98,120,1988,1100,1488,3,8,442,162,20,5
98,120,1986,1100,1486,2,8,441,161,20,5
98,120,1984,1100,1484,2,8,439,161,20,5
98,120,1982,1100,1482,2,8,438,161,20,5
98,120,1980,1100,1480,2,8,436,161,20,5
98,120,1978,1100,1478,2,8,435,161,20,5
98,120,1975,1100,1475,2,8,434,161,20,5
98,120,1973,1100,1473,2,8,433,161,20,5
98,120,1971,1100,1471,2,8,431,160,20,5
98,120,1969,1100,1469,2,8,430,160,20,6
98,120,1967,1100,1467,2,8,429,160,20,6
98,120,1965,1100,1465,2,8,428,160,20,6
99,120,1962,1100,1462,2,8,427,160,20,6
99,120,1960,1100,1460,2,9,426,160,20,6
99,120,1958,1100,1458,2,9,425,160,20,6
99,120,1956,1100,1456,2,9,424,159,20,6
99,120,1954,1100,1454,2,9,423,159,20,6
99,120,1951,1100,1451,2,9,423,159,20,6
99,120,1949,1100,1449,2,9,422,159,20,6
99,120,1947,1100,1447,2,9,421,159,20,6
99,120,1945,1100,1445,2,9,421,159,20,6
99,120,1943,1100,1443,2,9,420,159,20,6
99,120,1940,1100,1440,1,9,420,158,20,6
99,120,1938,1100,1438,1,9,419,158,20,6
99,120,1936,1100,1436,1,9,419,158,20,6
99,120,1934,1100,1434,1,9,419,158,20,6
100,120,1931,1100,1431,1,9,419,158,20,6
100,120,1929,1100,1429,1,9,418,158,20,6
100,120,1927,1100,1427,1,9,418,158,20,6
100,120,1924,1100,1424,1,9,418,157,20,6
100,120,1922,1100,1422,1,9,418,157,20,6
100,120,1920,1100,1420,1,9,418,157,20,6
100,120,1918,1100,1418,1,9,419,157,20,7
100,120,1915,1100,1415,1,9,419,157,20,7
100,120,1913,1100,1413,1,9,419,157,20,7
100,120,1911,1100,1411,1,9,419,157,20,7
101,120,1908,1100,1408,1,10,420,157,20,7
101,120,1906,1100,1406,1,10,420,156,20,7
101,120,1904,1100,1404,1,10,421,156,20,7
101,120,1901,1100,1401,1,10,421,156,20,7
101,120,1899,1100,1399,1,10,422,156,20,7
101,120,1897,1100,1397,1,10,423,156,20,7
101,120,1894,1100,1394,1,10,423,156,20,7
101,120,1892,1100,1392,1,10,424,156,20,7
101,120,1890,1100,1390,1,10,425,155,20,7
102,120,1887,1100,1387,1,10,426,155,20,7
102,120,1885,1100,1385,1,10,427,155,20,7
102,120,1882,1100,1382,1,10,428,155,20,7
102,120,1880,1100,1380,1,10,429,155,20,7
102,120,1878,1100,1378,1,10,430,155,20,7
102,120,1875,1100,1375,1,10,431,155,20,7
102,120,1873,1100,1373,1,10,432,155,20,7
103,120,1870,1100,1370,1,10,433,154,20,7
103,120,1868,1100,1368,1,10,435,154,20,8
103,120,1866,1100,1366,1,10,436,154,20,8
103,120,1863,1100,1363,1,10,437,154,20,8
103,120,1861,1100,1361,1,10,438,154,20,8
103,120,1858,1100,1358,1,10,440,154,20,8
104,120,1856,1100,1356,1,10,441,154,20,8
104,120,1853,1100,1353,1,10,442,153,20,8
104,120,1851,1100,1351,1,10,444,153,20,8
104,120,1848,1100,1348,1,10,445,153,20,8
104,120,1846,1100,1346,1,10,446,153,20,8
104,120,1844,1100,1344,1,10,448,153,20,8
105,120,1841,1100,1341,1,10,449,153,20,8
105,120,1839,1100,1339,1,10,451,153,20,8
105,120,1836,1100,1336,1,10,452,153,20,8
105,120,1834,1100,1334,1,10,453,152,20,8
105,120,1831,1100,1331,1,10,455,152,20,8
105,120,1829,1100,1329,1,10,456,152,20,8
106,120,1826,1100,1326,1,10,457,152,20,8
106,120,1824,1100,1324,1,10,459,152,20,8
106,120,1821,1100,1321,1,10,460,152,20,8
106,120,1819,1100,1319,1,10,461,152,20,8
106,120,1816,1100,1316,2,10,462,152,20,9
107,120,1814,1100,1314,2,10,464,151,20,9
107,120,1811,1100,1311,2,10,465,151,20,9
107,120,1808,1100,1308,2,10,466,151,20,9
107,120,1806,1100,1306,2,10,467,151,20,9
107,120,1803,1100,1303,2,10,468,151,20,9
108,120,1801,1100,1301,2,10,469,151,20,9
108,120,1798,1100,1298,2,10,470,151,20,9
108,120,1796,1100,1296,2,10,471,151,20,9
108,120,1793,1100,1293,2,10,472,150,20,9
109,120,1791,1100,1291,2,10,472,150,20,9
109,120,1788,1100,1288,2,10,473,150,20,9
109,120,1785,1100,1285,2,9,474,150,20,9
109,120,1783,1100,1283,2,9,474,150,20,9
109,120,1780,1100,1280,2,9,475,150,20,9
110,120,1778,1100,1278,2,9,475,150,20,9
110,120,1775,1100,1275,2,9,475,150,20,9
110,120,1773,1100,1273,2,9,475,149,20,9
110,120,1770,1100,1270,2,9,476,149,20,9
111,120,1767,1100,1267,2,9,476,149,20,9
111,120,1765,1100,1265,2,9,475,149,20,10
111,120,1762,1100,1262,2,9,475,149,20,10
111,120,1760,1100,1260,2,9,475,149,20,10
112,120,1757,1100,1257,2,9,475,149,20,10
112,120,1754,1100,1254,2,9,474,149,20,10
112,120,1752,1100,1252,2,9,474,149,20,10
112,120,1749,1100,1249,2,9,473,148,20,10
113,120,1746,1100,1246,2,8,472,148,20,10
113,120,1744,1100,1244,2,8,471,148,20,10
113,120,1741,1100,1241,2,8,470,148,20,10
113,120,1738,1100,1238,2,8,469,148,20,10
114,120,1736,1100,1236,2,8,468,148,20,10
114,120,1733,1100,1233,2,8,466,148,20,10
114,120,1731,1100,1231,2,8,465,148,20,10
114,120,1728,1100,1228,2,8,463,148,20,10
115,120,1725,1100,1225,2,8,461,147,20,10
115,120,1723,1100,1223,2,8,459,147,20,10
115,120,1720,1100,1220,2,8,457,147,20,10
115,120,1717,1100,1217,2,8,455,147,20,10
116,120,1715,1100,1215,2,8,452,147,20,10
116,120,1712,1100,1212,2,7,450,147,20,11
116,120,1709,1100,1209,2,7,447,147,20,11
117,120,1707,1100,1207,2,7,444,147,20,11
117,120,1704,1100,1204,2,7,442,147,20,11
117,120,1701,1100,1201,2,7,438,147,20,11
117,120,1698,1100,1198,2,7,435,146,20,11
118,120,1696,1100,1196,2,7,432,146,20,11
118,120,1693,1100,1193,2,7,428,146,20,11
118,120,1690,1100,1190,2,7,425,146,20,11
118,120,1688,1100,1188,2,7,421,146,20,11
119,120,1685,1100,1185,2,7,417,146,20,11
119,120,1682,1100,1182,2,7,413,146,20,11
119,120,1680,1100,1180,2,7,409,146,20,11
120,120,1677,1100,1177,2,7,404,146,20,11
120,120,1674,1100,1174,2,6,400,146,20,11
120,120,1671,1100,1171,2,6,395,146,20,11
121,120,1669,1100,1169,1,6,390,145,20,11
121,120,1666,1100,1166,1,6,385,145,20,11
121,120,1663,1100,1163,1,6,380,145,20,11
121,120,1661,1100,1161,1,6,375,145,20,11
122,120,1658,1100,1158,1,6,369,145,20,11
122,120,1655,1100,1155,1,6,364,145,20,11
122,120,1652,1100,1152,1,6,358,145,20,12
123,120,1650,1100,1150,1,6,352,145,20,12
123,120,1647,1100,1147,1,6,346,145,20,12
123,120,1644,1100,1144,1,6,340,145,20,12
124,120,1641,1100,1141,1,6,334,145,20,12
124,120,1639,1100,1139,1,6,328,144,20,12
124,120,1636,1100,1136,1,6,321,144,20,12
125,120,1633,1100,1133,1,6,315,144,20,12
125,120,1630,1100,1130,1,6,308,144,20,12
125,120,1628,1100,1128,1,6,301,144,20,12
125,120,1625,1100,1125,1,6,294,144,20,12
126,120,1622,1100,1122,1,6,287,144,20,12
126,120,1619,1100,1119,1,6,279,144,20,12
126,120,1617,1100,1117,0,6,272,144,20,12
127,120,1614,1100,1114,0,6,265,144,20,12
127,120,1611,1100,1111,0,6,257,144,20,12
127,120,1608,1100,1108,0,6,249,144,20,12
128,120,1606,1100,1106,0,6,241,144,20,12
128,120,1603,1100,1103,0,6,233,144,20,12
128,120,1600,1100,1100,0,6,225,143,20,12
129,120,1597,1100,1097,0,6,217,143,20,12
129,120,1595,1100,1095,0,6,209,143,20,12
129,120,1592,1100,1092,0,6,201,143,20,12
130,120,1589,1100,1089,0,6,192,143,20,12
130,120,1586,1100,1086,0,6,184,143,20,13
130,120,1584,1100,1084,0,6,175,143,20,13
131,120,1581,1100,1081,0,6,166,143,20,13
131,120,1578,1100,1078,0,6,158,143,20,13
131,120,1575,1100,1075,0,6,149,143,20,13
132,120,1573,1100,1073,0,6,140,143,20,13
132,120,1570,1100,1070,0,6,131,143,20,13
132,120,1567,1100,1067,0,6,122,143,20,13
133,120,1564,1100,1064,0,6,113,143,20,13
133,120,1562,1100,1062,0,6,103,143,20,13
133,120,1559,1100,1059,0,6,94,143,20,13
134,120,1556,1100,1056,0,6,85,142,20,13
134,120,1553,1100,1053,0,6,75,142,20,13
134,120,1551,1100,1051,0,6,66,142,20,13
135,120,1548,1100,1048,-1,6,57,142,20,13
135,120,1545,1100,1045,-1,6,47,142,20,13
135,120,1542,1100,1042,-1,6,38,142,20,13
136,120,1540,1100,1040,-1,7,28,142,20,13
136,120,1537,1100,1037,-1,7,18,142,20,13
136,120,1534,1100,1034,-1,7,9,142,20,13
137,120,1531,1100,1031,-1,7,0,142,20,13
137,120,1528,1100,1028,-1,7,-10,142,20,13
137,120,1526,1100,1026,-1,7,-19,142,20,13
138,120,1523,1100,1023,-1,7,-29,142,20,13
138,120,1520,1100,1020,-1,7,-39,142,20,13
138,120,1517,1100,1017,-2,7,-49,142,20,13
139,120,1515,1100,1015,-2,7,-58,142,20,13
139,120,1512,1100,1012,-2,7,-68,142,20,13
140,120,1509,1100,1009,-2,7,-78,142,20,13
140,120,1506,1100,1006,-2,7,-88,142,20,14
140,120,1504,1100,1004,-2,7,-98,142,20,14
141,120,1501,1100,1001,-2,7,-107,142,20,14
141,120,1498,1100,998,-2,7,-117,142,20,14
141,120,1495,1100,995,-2,7,-127,142,20,14
142,120,1493,1100,993,-2,8,-137,141,20,14
142,120,1490,1100,990,-2,8,-146,141,20,14
142,120,1487,1100,987,-3,8,-156,141,20,14
143,120,1485,1100,985,-3,8,-166,141,20,14
143,120,1482,1100,982,-3,8,-176,141,20,14
143,120,1479,1100,979,-3,8,-185,141,20,14
144,120,1476,1100,976,-3,8,-195,141,20,14
144,120,1474,1100,974,-3,8,-204,141,20,14
144,120,1471,1100,971,-3,8,-214,141,20,14
145,120,1468,1100,968,-3,8,-224,141,20,14
145,120,1465,1100,965,-3,8,-233,141,20,14
145,120,1463,1100,963,-3,8,-243,141,20,14
146,120,1460,1100,960,-3,8,-252,141,20,14
146,120,1457,1100,957,-3,8,-261,141,20,14
146,120,1455,1100,955,-4,8,-271,141,20,14
147,120,1452,1100,952,-4,8,-280,141,20,14
147,120,1449,1100,949,-4,8,-289,141,20,14
147,120,1446,1100,946,-4,8,-299,141,20,14
148,120,1444,1100,944,-4,8,-308,141,20,14
148,120,1441,1100,941,-4,9,-317,141,20,14
149,120,1438,1100,938,-4,9,-326,141,20,14
149,120,1436,1100,936,-4,9,-335,141,20,14
149,120,1433,1100,933,-4,9,-344,141,20,14
150,120,1430,1100,930,-4,9,-353,141,20,14
150,120,1428,1100,928,-4,9,-362,141,20,14
150,120,1425,1100,925,-4,9,-371,141,20,14
151,120,1422,1100,922,-4,9,-380,141,20,14
151,120,1420,1100,920,-5,9,-388,141,20,14
151,120,1417,1100,917,-5,9,-397,141,20,14
152,120,1414,1100,914,-5,9,-406,141,20,14
152,120,1412,1100,912,-5,9,-414,141,20,14
152,120,1409,1100,909,-5,9,-423,141,20,14
153,120,1406,1100,906,-5,9,-431,141,20,14
153,120,1404,1100,904,-5,9,-440,141,20,14
153,120,1401,1100,901,-5,9,-448,141,20,14
154,120,1398,1100,898,-5,9,-457,141,20,14
154,120,1396,1100,896,-5,9,-465,141,20,14
154,120,1393,1100,893,-5,9,-473,141,20,15
155,120,1390,1100,890,-5,9,-482,141,20,15
155,120,1388,1100,888,-5,9,-490,141,20,15
155,120,1385,1100,885,-5,9,-498,141,20,15
156,120,1383,1100,883,-5,9,-506,141,20,15
156,120,1380,1100,880,-6,9,-514,141,20,15
156,120,1377,1100,877,-6,9,-522,141,20,15
157,120,1375,1100,875,-6,9,-530,141,20,15
157,120,1372,1100,872,-6,9,-538,141,20,15
157,120,1370,1100,870,-6,9,-546,141,20,15
158,120,1367,1100,867,-6,9,-554,141,20,15
158,120,1364,1100,864,-6,9,-562,141,20,15
158,120,1362,1100,862,-6,8,-569,141,20,15
159,120,1359,1100,859,-6,8,-577,141,20,15
159,120,1357,1100,857,-6,8,-585,141,20,15
159,120,1354,1100,854,-6,8,-593,141,20,15
160,120,1352,1100,852,-6,8,-600,141,20,15
160,120,1349,1100,849,-6,8,-608,141,20,15
160,120,1346,1100,846,-6,8,-616,141,20,15
161,120,1344,1100,844,-6,8,-623,142,20,15
161,120,1341,1100,841,-6,8,-631,142,20,15
161,120,1339,1100,839,-6,8,-638,142,20,15
162,120,1336,1100,836,-6,8,-646,142,20,15
162,120,1334,1100,834,-6,8,-653,142,20,15
162,120,1331,1100,831,-6,8,-661,142,20,15
163,120,1329,1100,829,-7,8,-668,142,20,15
163,120,1326,1100,826,-7,8,-676,142,20,15
163,120,1324,1100,824,-7,8,-683,142,20,15
164,120,1321,1100,821,-7,8,-691,142,20,15
164,120,1319,1100,819,-7,8,-698,142,20,15
164,120,1316,1100,816,-7,7,-706,142,20,15
164,120,1314,1100,814,-7,7,-713,142,20,15
165,120,1311,1100,811,-7,7,-720,142,20,15
165,120,1309,1100,809,-7,7,-728,142,20,15
165,120,1306,1100,806,-7,7,-735,142,20,15
166,120,1304,1100,804,-7,7,-743,142,20,15
166,120,1302,1100,802,-7,7,-750,142,20,15
166,120,1299,1100,799,-7,7,-758,142,20,15
167,120,1297,1100,797,-7,7,-765,142,20,15
167,120,1294,1100,794,-7,7,-773,142,20,15
167,120,1292,1100,792,-7,7,-780,142,20,15
167,120,1290,1100,790,-7,7,-788,143,20,15
168,120,1287,1100,787,-7,7,-795,143,20,15
168,120,1285,1100,785,-7,6,-803,143,20,15
168,120,1282,1100,782,-7,6,-810,143,20,15
169,120,1280,1100,780,-7,6,-818,143,20,15
169,120,1278,1100,778,-7,6,-825,143,20,15
169,120,1275,1100,775,-7,6,-833,143,20,15
170,120,1273,1100,773,-7,6,-840,143,20,15
170,120,1271,1100,771,-7,6,-848,143,20,15
170,120,1268,1100,768,-7,6,-856,143,20,15
170,120,1266,1100,766,-7,6,-863,143,20,15
171,120,1264,1100,764,-7,6,-871,143,20,15
171,120,1261,1100,761,-7,6,-879,143,20,15
171,120,1259,1100,759,-8,6,-886,143,20,15
172,120,1257,1100,757,-8,6,-894,143,20,15
172,120,1254,1100,754,-8,6,-902,144,20,15
172,120,1252,1100,752,-8,5,-910,144,20,15
172,120,1250,1100,750,-8,5,-917,144,20,15
173,120,1248,1100,748,-8,5,-925,144,20,15
173,120,1245,1100,745,-8,5,-933,144,20,15
173,120,1243,1100,743,-8,5,-941,144,20,15
173,120,1241,1100,741,-8,5,-949,144,20,15
174,120,1239,1100,739,-8,5,-957,144,20,15
174,120,1236,1100,736,-8,5,-965,144,20,15
174,120,1234,1100,734,-8,5,-972,144,20,15
175,120,1232,1100,732,-8,5,-980,144,20,15
175,120,1230,1100,730,-8,5,-988,144,20,15
175,120,1228,1100,728,-8,5,-996,144,20,15
175,120,1225,1100,725,-8,5,-1004,145,20,15
176,120,1223,1100,723,-8,5,-1012,145,20,15
176,120,1221,1100,721,-8,5,-1020,145,20,15
176,120,1219,1100,719,-8,5,-1028,145,20,15
176,120,1217,1100,717,-8,5,-1036,145,20,15
177,120,1215,1100,715,-8,5,-1044,145,20,15
177,120,1213,1100,713,-8,5,-1052,145,20,15
177,120,1210,1100,710,-8,4,-1060,145,20,15
177,120,1208,1100,708,-8,4,-1068,145,20,15
178,120,1206,1100,706,-8,4,-1076,145,20,15
178,120,1204,1100,704,-8,4,-1084,146,20,15
178,120,1202,1100,702,-8,4,-1092,146,20,15
178,120,1200,1100,700,-8,4,-1100,146,20,15
178,120,1198,1100,698,-8,4,-1108,146,20,15
179,120,1196,1100,696,-8,4,-1116,146,20,15
179,120,1194,1100,694,-8,4,-1124,146,20,15
179,120,1192,1100,692,-9,4,-1132,146,20,15
179,120,1190,1100,690,-9,4,-1139,146,20,15
180,120,1188,1100,688,-9,4,-1147,146,20,15
180,120,1186,1100,686,-9,4,-1155,146,20,15
180,120,1184,1100,684,-9,4,-1163,147,20,15
180,120,1182,1100,682,-9,4,-1170,147,20,15
181,120,1180,1100,680,-9,4,-1178,147,20,15
181,120,1178,1100,678,-9,4,-1186,147,20,15
181,120,1176,1100,676,-9,4,-1193,147,20,15
181,120,1174,1100,674,-9,4,-1201,147,20,15
181,120,1172,1100,672,-9,4,-1208,147,20,15
182,120,1170,1100,670,-9,4,-1215,147,20,15
182,120,1168,1100,668,-9,4,-1222,147,20,15
182,120,1167,1100,667,-9,4,-1230,148,20,15
182,120,1165,1100,665,-9,4,-1237,148,20,15
182,120,1163,1100,663,-9,4,-1244,148,20,15
183,120,1161,1100,661,-9,4,-1251,148,20,15
183,120,1159,1100,659,-9,4,-1257,148,20,15
183,120,1157,1100,657,-9,4,-1264,148,20,15
183,120,1156,1100,656,-9,4,-1271,148,20,15
183,120,1154,1100,654,-9,4,-1277,148,20,15
184,120,1152,1100,652,-9,4,-1284,149,20,15
184,120,1150,1100,650,-9,4,-1290,149,20,15
184,120,1148,1100,648,-9,4,-1296,149,20,14
184,120,1147,1100,647,-9,4,-1302,149,20,14
184,120,1145,1100,645,-9,4,-1308,149,20,14
184,120,1143,1100,643,-9,4,-1313,149,20,14
185,120,1141,1100,641,-9,4,-1319,149,20,14
185,120,1140,1100,640,-9,4,-1324,149,20,14
185,120,1138,1100,638,-9,4,-1330,150,20,14
185,120,1136,1100,636,-9,4,-1335,150,20,14
185,120,1135,1100,635,-9,4,-1340,150,20,14
185,120,1133,1100,633,-9,4,-1344,150,20,14
186,120,1131,1100,631,-9,4,-1349,150,20,14
186,120,1130,1100,630,-9,4,-1353,150,20,14
186,120,1128,1100,628,-9,4,-1358,150,20,14
186,120,1127,1100,627,-9,4,-1362,151,20,14
186,120,1125,1100,625,-10,4,-1365,151,20,14
186,120,1123,1100,623,-10,4,-1369,151,20,14
187,120,1122,1100,622,-10,4,-1372,151,20,14
187,120,1120,1100,620,-10,4,-1376,151,20,14
187,120,1119,1100,619,-10,4,-1379,151,20,14
187,120,1117,1100,617,-10,4,-1381,151,20,14
187,120,1116,1100,616,-10,4,-1384,152,20,14
187,120,1114,1100,614,-10,4,-1386,152,20,14
187,120,1113,1100,613,-10,3,-1388,152,20,14
188,120,1111,1100,611,-10,3,-1390,152,20,14
188,120,1110,1100,610,-10,3,-1392,152,20,14
188,120,1108,1100,608,-10,3,-1393,152,20,14
188,120,1107,1100,607,-10,3,-1394,152,20,14
188,120,1105,1100,605,-10,3,-1395,153,20,14
188,120,1104,1100,604,-10,3,-1395,153,20,14
188,120,1103,1100,603,-10,3,-1396,153,20,14
189,120,1101,1100,601,-10,3,-1396,153,20,14
189,120,1100,1100,600,-10,3,-1395,153,20,14
189,120,1098,1100,598,-10,3,-1395,153,20,14
189,120,1097,1100,597,-10,3,-1394,154,20,14
189,120,1096,1100,596,-10,3,-1393,154,20,14
189,120,1094,1100,594,-9,3,-1391,154,20,14
189,120,1093,1100,593,-9,3,-1390,154,20,14
189,120,1092,1100,592,-9,3,-1388,154,20,14
189,120,1090,1100,590,-9,3,-1385,154,20,14
190,120,1089,1100,589,-9,2,-1383,154,20,14
190,120,1088,1100,588,-9,2,-1380,155,20,14
190,120,1087,1100,587,-9,2,-1377,155,20,14
190,120,1086,1100,586,-9,2,-1373,155,20,14
190,120,1084,1100,584,-9,2,-1369,155,20,14
190,120,1083,1100,583,-9,2,-1365,155,20,14
190,120,1082,1100,582,-9,2,-1361,155,20,14
190,120,1081,1100,581,-9,2,-1356,156,20,14
190,120,1080,1100,580,-9,2,-1351,156,20,14
190,120,1078,1100,578,-9,2,-1345,156,20,14
190,120,1077,1100,577,-9,1,-1340,156,20,14
191,120,1076,1100,576,-9,1,-1334,156,20,14
191,120,1075,1100,575,-9,1,-1327,156,20,14
191,120,1074,1100,574,-9,1,-1321,157,20,14
191,120,1073,1100,573,-9,1,-1314,157,20,14
191,120,1072,1100,572,-9,1,-1306,157,20,14
191,120,1071,1100,571,-9,1,-1299,157,20,14
191,120,1070,1100,570,-9,1,-1291,157,20,14
191,120,1069,1100,569,-9,0,-1282,158,20,14
191,120,1068,1100,568,-9,0,-1274,158,20,13
191,120,1067,1100,567,-8,0,-1265,158,20,13
191,120,1066,1100,566,-8,0,-1255,158,20,13
191,120,1065,1100,565,-8,0,-1246,158,20,13
191,120,1064,1100,564,-8,0,-1236,158,20,13
191,120,1063,1100,563,-8,0,-1226,159,20,13
191,120,1062,1100,562,-8,0,-1215,159,20,13
192,120,1061,1100,561,-8,0,-1204,159,20,13
192,120,1060,1100,560,-8,0,-1193,159,20,13
192,120,1060,1100,560,-8,0,-1181,159,20,13
192,120,1059,1100,559,-8,0,-1170,159,20,13
192,120,1058,1100,558,-8,0,-1158,160,20,13
192,120,1057,1100,557,-8,-1,-1145,160,20,13
192,120,1056,1100,556,-8,-1,-1132,160,20,13
192,120,1056,1100,556,-7,-1,-1119,160,20,13
192,120,1055,1100,555,-7,-1,-1106,160,20,13
192,120,1054,1100,554,-7,-1,-1092,161,20,13
192,120,1053,1100,553,-7,-1,-1079,161,20,13
192,120,1053,1100,553,-7,-2,-1064,161,20,13
192,120,1052,1100,552,-7,-2,-1050,161,20,13
192,120,1051,1100,551,-7,-2,-1035,161,20,13
192,120,1051,1100,551,-7,-2,-1020,161,20,13
192,120,1050,1100,550,-7,-2,-1005,162,20,13
192,120,1049,1100,549,-6,-2,-990,162,20,13
192,120,1049,1100,549,-6,-3,-974,162,20,13
192,120,1048,1100,548,-6,-3,-958,162,20,13
192,120,1047,1100,547,-6,-3,-941,162,20,13
192,120,1047,1100,547,-6,-3,-925,163,20,13
192,120,1046,1100,546,-6,-3,-908,163,20,13
192,120,1046,1100,546,-6,-4,-891,163,20,13
192,120,1045,1100,545,-6,-4,-874,163,20,13
192,120,1045,1100,545,-6,-4,-857,163,20,13
192,120,1044,1100,544,-5,-4,-839,163,20,13
192,120,1044,1100,544,-5,-4,-821,164,20,13
192,120,1043,1100,543,-5,-4,-803,164,20,13
192,120,1043,1100,543,-5,-5,-785,164,20,13
192,120,1042,1100,542,-5,-5,-766,164,20,13
192,120,1042,1100,542,-5,-5,-748,164,20,13
192,120,1042,1100,542,-5,-5,-729,165,20,13
192,120,1041,1100,541,-4,-5,-710,165,20,13
192,120,1041,1100,541,-4,-5,-691,165,20,13
192,120,1041,1100,541,-4,-6,-672,165,20,13
192,120,1040,1100,540,-4,-6,-652,165,20,13
192,120,1040,1100,540,-4,-6,-633,166,20,13
192,120,1040,1100,540,-4,-6,-613,166,20,13
192,120,1039,1100,539,-4,-6,-593,166,20,13
192,120,1039,1100,539,-4,-6,-573,166,20,13
192,120,1039,1100,539,-3,-7,-553,166,20,13
192,120,1039,1100,539,-3,-7,-533,167,20,13
192,120,1038,1100,538,-3,-7,-513,167,20,13
192,120,1038,1100,538,-3,-7,-493,167,20,13
192,120,1038,1100,538,-3,-7,-472,167,20,12
192,120,1038,1100,538,-3,-7,-452,167,20,12
192,120,1038,1100,538,-2,-8,-431,168,20,12
192,120,1037,1100,537,-2,-8,-411,168,20,12
192,120,1037,1100,537,-2,-8,-390,168,20,12
192,120,1037,1100,537,-2,-8,-370,168,20,12
192,120,1037,1100,537,-2,-8,-349,168,20,12
192,120,1037,1100,537,-2,-8,-328,168,20,12
192,120,1037,1100,537,-2,-8,-307,169,20,12
192,120,1037,1100,537,-1,-9,-287,169,20,12
192,120,1037,1100,537,-1,-9,-266,169,20,12
191,120,1037,1100,537,-1,-9,-245,169,20,12
191,120,1037,1100,537,-1,-9,-225,169,20,12
191,120,1037,1100,537,-1,-9,-204,170,20,12
191,120,1037,1100,537,-1,-9,-183,170,20,12
191,120,1037,1100,537,-1,-9,-162,170,20,12
191,120,1037,1100,537,0,-9,-142,170,20,12
191,120,1037,1100,537,0,-9,-121,170,20,12
191,120,1038,1100,538,0,-10,-101,171,20,12
191,120,1038,1100,538,0,-10,-80,171,20,12
191,120,1038,1100,538,0,-10,-60,171,20,12
191,120,1038,1100,538,0,-10,-40,171,20,12
191,120,1038,1100,538,0,-10,-20,171,20,12
191,120,1038,1100,538,0,-10,0,172,20,12
191,120,1039,1100,539,0,-10,20,172,20,12
191,120,1039,1100,539,0,-10,39,172,20,12
191,120,1039,1100,539,0,-10,59,172,20,12
190,120,1039,1100,539,0,-10,79,172,20,12
190,120,1040,1100,540,0,-10,98,173,20,12
190,120,1040,1100,540,0,-11,118,173,20,12
190,120,1040,1100,540,1,-11,137,173,20,12
190,120,1041,1100,541,1,-11,156,173,20,12
190,120,1041,1100,541,1,-11,175,173,20,12
190,120,1041,1100,541,1,-11,194,174,20,12
190,120,1042,1100,542,1,-11,213,174,20,12
190,120,1042,1100,542,1,-11,231,174,20,12
190,120,1043,1100,543,1,-11,249,174,20,12
190,120,1043,1100,543,1,-11,267,174,20,12
190,120,1044,1100,544,2,-11,285,175,20,12
190,120,1044,1100,544,2,-11,303,175,20,12
189,120,1045,1100,545,2,-11,321,175,20,12
189,120,1045,1100,545,2,-11,338,175,20,12
189,120,1046,1100,546,2,-11,355,175,20,12
189,120,1046,1100,546,2,-11,372,176,20,12
189,120,1047,1100,547,2,-11,389,176,20,12
189,120,1047,1100,547,2,-11,405,176,20,12
189,120,1048,1100,548,3,-11,422,176,20,12
189,120,1048,1100,548,3,-12,438,176,20,12
189,120,1049,1100,549,3,-12,454,177,20,12
189,120,1050,1100,550,3,-12,469,177,20,12
189,120,1050,1100,550,3,-12,485,177,20,12
188,120,1051,1100,551,3,-12,500,177,20,12
188,120,1052,1100,552,3,-12,515,177,20,12
188,120,1053,1100,553,3,-12,529,178,20,12
188,120,1053,1100,553,3,-12,544,178,20,12
188,120,1054,1100,554,4,-12,558,178,20,12
188,120,1055,1100,555,4,-12,572,178,20,12
188,120,1056,1100,556,4,-12,586,178,20,12
188,120,1056,1100,556,4,-12,599,179,20,12
188,120,1057,1100,557,4,-12,612,179,20,12
188,120,1058,1100,558,4,-12,625,179,20,12
187,120,1059,1100,559,4,-12,638,179,20,12
187,120,1060,1100,560,4,-12,650,179,20,12
187,120,1061,1100,561,4,-12,663,179,20,12
187,120,1062,1100,562,4,-12,674,180,20,12
187,120,1063,1100,563,4,-12,686,180,20,12
187,120,1064,1100,564,5,-12,698,180,20,11
187,120,1064,1100,564,5,-12,709,180,20,11
187,120,1065,1100,565,5,-12,720,180,20,11
186,120,1066,1100,566,5,-12,730,181,20,11
186,120,1067,1100,567,5,-12,741,181,20,11
186,120,1069,1100,569,5,-12,751,181,20,11
186,120,1070,1100,570,5,-12,761,181,20,11
186,120,1071,1100,571,5,-12,770,181,20,11
186,120,1072,1100,572,5,-12,780,182,20,11
186,120,1073,1100,573,5,-12,789,182,20,11
186,120,1074,1100,574,5,-12,798,182,20,11
186,120,1075,1100,575,5,-12,806,182,20,11
185,120,1076,1100,576,5,-12,815,182,20,11
185,120,1077,1100,577,5,-12,823,183,20,11
185,120,1079,1100,579,5,-13,831,183,20,11
185,120,1080,1100,580,6,-13,838,183,20,11
185,120,1081,1100,581,6,-13,846,183,20,11
185,120,1082,1100,582,6,-13,853,183,20,11
185,120,1084,1100,584,6,-13,860,183,20,11
185,120,1085,1100,585,6,-13,867,184,20,11
184,120,1086,1100,586,6,-13,873,184,20,11
184,120,1087,1100,587,6,-13,879,184,20,11
184,120,1089,1100,589,6,-13,885,184,20,11
184,120,1090,1100,590,6,-13,891,184,20,11
184,120,1091,1100,591,6,-13,897,185,20,11
184,120,1093,1100,593,6,-13,902,185,20,11
184,120,1094,1100,594,6,-13,907,185,20,11
184,120,1096,1100,596,6,-13,912,185,20,11
183,120,1097,1100,597,6,-13,917,185,20,11
183,120,1098,1100,598,6,-13,922,185,20,11
183,120,1100,1100,600,6,-13,926,186,20,11
183,120,1101,1100,601,6,-13,930,186,20,11
183,120,1103,1100,603,6,-13,934,186,20,11
183,120,1104,1100,604,6,-13,938,186,20,11
183,120,1106,1100,606,6,-13,942,186,20,11
183,120,1107,1100,607,6,-14,945,187,20,11
182,120,1109,1100,609,6,-14,949,187,20,11
182,120,1111,1100,611,6,-14,952,187,20,11
182,120,1112,1100,612,6,-14,955,187,20,11
182,120,1114,1100,614,6,-14,958,187,20,11
182,120,1115,1100,615,6,-14,960,187,20,11
182,120,1117,1100,617,6,-14,963,188,20,11
182,120,1119,1100,619,6,-14,965,188,20,11
181,120,1120,1100,620,6,-14,968,188,20,11
181,120,1122,1100,622,7,-14,970,188,20,11
181,120,1124,1100,624,7,-14,972,188,20,11
181,120,1125,1100,625,7,-14,974,188,20,11
181,120,1127,1100,627,7,-14,975,189,20,11
181,120,1129,1100,629,7,-14,977,189,20,11
181,120,1131,1100,631,7,-14,979,189,20,11
181,120,1133,1100,633,7,-15,980,189,20,11
180,120,1134,1100,634,7,-15,981,189,20,11
180,120,1136,1100,636,7,-15,982,190,20,11
180,120,1138,1100,638,7,-15,984,190,20,11
180,120,1140,1100,640,7,-15,985,190,20,11
180,120,1142,1100,642,7,-15,985,190,20,11
180,120,1144,1100,644,7,-15,986,190,20,11
180,120,1146,1100,646,7,-15,987,190,20,11
179,120,1147,1100,647,7,-15,988,191,20,11
179,120,1149,1100,649,7,-15,988,191,20,11
179,120,1151,1100,651,7,-15,989,191,20,11
179,120,1153,1100,653,7,-15,989,191,20,11
179,120,1155,1100,655,7,-15,990,191,20,11
179,120,1157,1100,657,7,-15,990,191,20,11
179,120,1159,1100,659,7,-15,990,192,20,11
178,120,1161,1100,661,7,-15,991,192,20,11
178,120,1163,1100,663,7,-16,991,192,20,11
178,120,1165,1100,665,7,-16,991,192,20,11
178,120,1168,1100,668,7,-16,991,192,20,11
178,120,1170,1100,670,7,-16,991,192,20,11
178,120,1172,1100,672,7,-16,991,192,20,11
178,120,1174,1100,674,7,-16,991,193,20,11
178,120,1176,1100,676,7,-16,991,193,20,11
177,120,1178,1100,678,7,-16,991,193,20,11
177,120,1180,1100,680,7,-16,991,193,20,11
177,120,1182,1100,682,7,-16,991,193,20,11
177,120,1185,1100,685,7,-16,991,193,20,11
177,120,1187,1100,687,7,-16,991,194,20,11
177,120,1189,1100,689,7,-16,991,194,20,11
177,120,1191,1100,691,7,-16,990,194,20,11
176,120,1194,1100,694,7,-16,990,194,20,11
176,120,1196,1100,696,7,-16,990,194,20,11
176,120,1198,1100,698,7,-16,990,194,20,11
176,120,1201,1100,701,7,-16,990,194,20,11
176,120,1203,1100,703,7,-16,989,195,20,11
176,120,1205,1100,705,7,-16,989,195,20,11
176,120,1208,1100,708,7,-16,989,195,20,11
176,120,1210,1100,710,7,-16,989,195,20,11
175,120,1212,1100,712,7,-16,989,195,20,11
175,120,1215,1100,715,7,-16,988,195,20,11
175,120,1217,1100,717,7,-16,988,195,20,11
175,120,1219,1100,719,7,-16,988,196,20,11
175,120,1222,1100,722,7,-16,988,196,20,11
175,120,1224,1100,724,7,-16,988,196,20,11
175,120,1227,1100,727,7,-16,987,196,20,11
174,120,1229,1100,729,7,-16,987,196,20,11
174,120,1232,1100,732,7,-16,987,196,20,11
174,120,1234,1100,734,7,-16,987,196,20,11
174,120,1237,1100,737,7,-16,986,197,20,11
174,120,1239,1100,739,7,-16,986,197,20,11
174,120,1242,1100,742,7,-16,986,197,20,11
174,120,1245,1100,745,7,-16,986,197,20,11
174,120,1247,1100,747,7,-16,986,197,20,11
173,120,1250,1100,750,7,-16,985,197,20,11
173,120,1252,1100,752,7,-16,985,197,20,11
173,120,1255,1100,755,7,-16,985,198,20,11
173,120,1258,1100,758,7,-16,985,198,20,11
173,120,1260,1100,760,7,-16,985,198,20,11
173,120,1263,1100,763,7,-16,984,198,20,11
173,120,1266,1100,766,7,-16,984,198,20,11
173,120,1268,1100,768,7,-15,984,198,20,11
172,120,1271,1100,771,7,-15,984,198,20,11
172,120,1274,1100,774,7,-15,983,198,20,11
172,120,1276,1100,776,7,-15,983,199,20,11
172,120,1279,1100,779,7,-15,983,199,20,11
172,120,1282,1100,782,7,-15,983,199,20,11
172,120,1285,1100,785,7,-15,982,199,20,11
172,120,1287,1100,787,7,-15,982,199,20,11
172,120,1290,1100,790,7,-15,981,199,20,11
172,120,1293,1100,793,7,-15,981,199,20,11
171,120,1296,1100,796,7,-15,981,199,20,11
171,120,1299,1100,799,7,-14,980,199,20,11
171,120,1302,1100,802,7,-14,980,200,20,11
171,120,1304,1100,804,7,-14,979,200,20,11
171,120,1307,1100,807,7,-14,979,200,20,11
171,120,1310,1100,810,7,-14,978,200,20,11
171,120,1313,1100,813,7,-14,977,200,20,11
171,120,1316,1100,816,7,-14,977,200,20,11
171,120,1319,1100,819,7,-14,976,200,20,11
170,120,1322,1100,822,7,-14,975,200,20,11
170,120,1325,1100,825,7,-13,974,201,20,11
170,120,1328,1100,828,7,-13,973,201,20,11
170,120,1331,1100,831,7,-13,972,201,20,11
170,120,1334,1100,834,7,-13,971,201,20,11
170,120,1337,1100,837,7,-13,970,201,20,11
170,120,1340,1100,840,7,-13,969,201,20,11
170,120,1343,1100,843,7,-13,968,201,20,11
170,120,1346,1100,846,7,-12,967,201,20,11
169,120,1349,1100,849,7,-12,965,201,20,11
169,120,1352,1100,852,7,-12,964,201,20,11
169,120,1355,1100,855,7,-12,962,202,20,11
169,120,1358,1100,858,7,-12,961,202,20,11
169,120,1361,1100,861,7,-12,959,202,20,11
169,120,1364,1100,864,7,-12,957,202,20,11
169,120,1367,1100,867,7,-11,955,202,20,11
169,120,1370,1100,870,7,-11,954,202,20,11
169,120,1374,1100,874,7,-11,952,202,20,11
168,120,1377,1100,877,7,-11,949,202,20,11
168,120,1380,1100,880,7,-11,947,202,20,11
168,120,1383,1100,883,7,-11,945,202,20,11
168,120,1386,1100,886,7,-10,942,203,20,11
168,120,1389,1100,889,7,-10,940,203,20,11
168,120,1393,1100,893,7,-10,937,203,20,11
168,120,1396,1100,896,7,-10,935,203,20,11
168,120,1399,1100,899,7,-10,932,203,20,11
168,120,1402,1100,902,7,-10,929,203,20,11
168,120,1406,1100,906,7,-10,926,203,20,11
168,120,1409,1100,909,7,-9,923,203,20,10
167,120,1412,1100,912,7,-9,919,203,20,10
167,120,1415,1100,915,7,-9,916,203,20,10
167,120,1419,1100,919,7,-9,912,203,20,10
167,120,1422,1100,922,7,-9,909,203,20,10
167,120,1425,1100,925,7,-9,905,204,20,10
167,120,1429,1100,929,7,-8,901,204,20,10
167,120,1432,1100,932,7,-8,897,204,20,10
167,120,1435,1100,935,7,-8,893,204,20,10
167,120,1439,1100,939,7,-8,889,204,20,10
167,120,1442,1100,942,7,-8,885,204,20,10
167,120,1445,1100,945,7,-8,880,204,20,10
166,120,1449,1100,949,7,-8,875,204,20,10
166,120,1452,1100,952,7,-7,871,204,20,10
166,120,1455,1100,955,7,-7,866,204,20,10
166,120,1459,1100,959,7,-7,861,204,20,10
166,120,1462,1100,962,7,-7,856,204,20,10
166,120,1466,1100,966,7,-7,851,204,20,10
166,120,1469,1100,969,6,-7,845,205,20,10
166,120,1473,1100,973,6,-7,840,205,20,10
166,120,1476,1100,976,6,-7,834,205,20,10
166,120,1479,1100,979,6,-6,828,205,20,10
166,120,1483,1100,983,6,-6,823,205,20,10
166,120,1486,1100,986,6,-6,817,205,20,10
165,120,1490,1100,990,6,-6,810,205,20,10
165,120,1493,1100,993,6,-6,804,205,20,10
165,120,1497,1100,997,6,-6,798,205,20,10
165,120,1500,1100,1000,6,-6,791,205,20,10
165,120,1504,1100,1004,6,-6,785,205,20,10
165,120,1507,1100,1007,6,-6,778,205,20,10
165,120,1511,1100,1011,6,-5,771,205,20,10
165,120,1515,1100,1015,6,-5,764,205,20,10
165,120,1518,1100,1018,6,-5,757,205,20,10
165,120,1522,1100,1022,6,-5,750,205,20,10
165,120,1525,1100,1025,6,-5,743,206,20,10
165,120,1529,1100,1029,5,-5,736,206,20,10
165,120,1532,1100,1032,5,-5,728,206,20,10
165,120,1536,1100,1036,5,-5,721,206,20,10
164,120,1540,1100,1040,5,-5,713,206,20,10
164,120,1543,1100,1043,5,-5,705,206,20,10
164,120,1547,1100,1047,5,-5,697,206,20,10
164,120,1550,1100,1050,5,-4,690,206,20,10
164,120,1554,1100,1054,5,-4,682,206,20,10
164,120,1558,1100,1058,5,-4,673,206,20,10
164,120,1561,1100,1061,5,-4,665,206,20,10
164,120,1565,1100,1065,5,-4,657,206,20,10
164,120,1569,1100,1069,5,-4,649,206,20,10
164,120,1572,1100,1072,5,-4,640,206,20,10
164,120,1576,1100,1076,5,-4,632,206,20,10
164,120,1580,1100,1080,5,-4,623,206,20,10
164,120,1583,1100,1083,4,-4,615,206,20,10
164,120,1587,1100,1087,4,-4,606,206,20,10
164,120,1591,1100,1091,4,-4,597,206,20,10
164,120,1594,1100,1094,4,-4,588,206,20,10
163,120,1598,1100,1098,4,-4,579,206,20,10
163,120,1602,1100,1102,4,-4,571,206,20,10
163,120,1605,1100,1105,4,-4,562,206,20,10
163,120,1609,1100,1109,4,-3,553,207,20,10
163,120,1613,1100,1113,4,-3,544,207,20,10
163,120,1617,1100,1117,4,-3,535,207,20,10
163,120,1620,1100,1120,4,-3,525,207,20,10
163,120,1624,1100,1124,4,-3,516,207,20,10
163,120,1628,1100,1128,4,-3,507,207,20,10
163,120,1632,1100,1132,4,-3,498,207,20,10
163,120,1635,1100,1135,3,-3,489,207,20,10
163,120,1639,1100,1139,3,-3,480,207,20,10
163,120,1643,1100,1143,3,-3,471,207,20,10
163,120,1647,1100,1147,3,-3,461,207,20,10
163,120,1650,1100,1150,3,-3,452,207,20,10
163,120,1654,1100,1154,3,-3,443,207,20,10
163,120,1658,1100,1158,3,-3,434,207,20,10
163,120,1662,1100,1162,3,-3,425,207,20,10
162,120,1666,1100,1166,3,-3,415,207,20,10
162,120,1669,1100,1169,3,-3,406,207,20,10
162,120,1673,1100,1173,3,-3,397,207,20,10
162,120,1677,1100,1177,3,-3,388,207,20,10
162,120,1681,1100,1181,3,-2,379,207,20,9
162,120,1685,1100,1185,3,-2,370,207,20,9
162,120,1688,1100,1188,3,-2,361,207,20,9
162,120,1692,1100,1192,3,-2,352,207,20,9
162,120,1696,1100,1196,2,-2,343,207,20,9
162,120,1700,1100,1200,2,-2,334,207,20,9
162,120,1704,1100,1204,2,-2,325,207,20,9
162,120,1708,1100,1208,2,-2,317,207,20,9
162,120,1711,1100,1211,2,-2,308,207,20,9
162,120,1715,1100,1215,2,-2,299,207,20,9
162,120,1719,1100,1219,2,-2,291,207,20,9
162,120,1723,1100,1223,2,-2,282,207,20,9
162,120,1727,1100,1227,2,-2,274,207,20,9
162,120,1731,1100,1231,2,-2,265,207,20,9
162,120,1735,1100,1235,2,-2,257,207,20,9
162,120,1738,1100,1238,2,-2,249,207,20,9
162,120,1742,1100,1242,2,-2,241,207,20,9
161,120,1746,1100,1246,2,-1,233,207,20,9
161,120,1750,1100,1250,2,-1,225,207,20,9
161,120,1754,1100,1254,2,-1,217,207,20,9
161,120,1758,1100,1258,2,-1,209,207,20,9
161,120,1762,1100,1262,2,-1,201,207,20,9
161,120,1766,1100,1266,2,-1,194,207,20,9
161,120,1770,1100,1270,2,-1,186,207,20,9
161,120,1773,1100,1273,2,-1,179,207,20,9
161,120,1777,1100,1277,1,-1,171,207,20,9
161,120,1781,1100,1281,1,-1,164,207,20,9
161,120,1785,1100,1285,1,-1,157,207,20,9
161,120,1789,1100,1289,1,-1,150,207,20,9
161,120,1793,1100,1293,1,0,143,207,20,9
161,120,1797,1100,1297,1,0,136,207,20,9
161,120,1801,1100,1301,1,0,129,207,20,9
161,120,1805,1100,1305,1,0,123,207,20,9
161,120,1808,1100,1308,1,0,116,207,20,9
161,120,1812,1100,1312,1,0,110,207,20,9
161,120,1816,1100,1316,1,0,103,207,20,9
161,120,1820,1100,1320,1,0,97,207,20,9
161,120,1824,1100,1324,1,0,91,207,20,9
161,120,1828,1100,1328,1,0,85,207,20,9
161,120,1832,1100,1332,1,0,79,207,20,9
160,120,1836,1100,1336,1,0,74,207,20,9
160,120,1840,1100,1340,1,0,68,207,20,9
160,120,1844,1100,1344,1,0,63,207,20,8
160,120,1848,1100,1348,1,0,57,207,20,8
160,120,1851,1100,1351,1,0,52,207,20,8
160,120,1855,1100,1355,1,0,47,207,20,8
160,120,1859,1100,1359,1,0,42,207,20,8
160,120,1863,1100,1363,1,1,37,207,20,8
160,120,1867,1100,1367,1,1,32,207,20,8
160,120,1871,1100,1371,1,1,27,207,20,8
160,120,1875,1100,1375,1,1,23,207,20,8
160,120,1879,1100,1379,1,1,18,207,20,8
160,120,1883,1100,1383,1,1,14,207,20,8
160,120,1887,1100,1387,1,1,9,207,20,8
160,120,1891,1100,1391,1,1,5,207,20,8
160,120,1895,1100,1395,1,1,1,207,20,8
160,120,1898,1100,1398,1,2,-2,207,20,8
160,120,1902,1100,1402,1,2,-6,207,20,8
160,120,1906,1100,1406,1,2,-10,207,20,8
160,120,1910,1100,1410,1,2,-13,207,20,8
160,120,1914,1100,1414,1,2,-17,207,20,8
160,120,1918,1100,1418,1,2,-20,207,20,8
160,120,1922,1100,1422,1,2,-24,207,20,8
160,120,1926,1100,1426,1,3,-27,207,20,8
159,120,1930,1100,1430,1,3,-30,207,20,8
159,120,1934,1100,1434,1,3,-34,207,20,8
159,120,1937,1100,1437,1,3,-37,207,20,8
159,120,1941,1100,1441,1,3,-40,207,20,8
159,120,1945,1100,1445,1,3,-43,207,20,8
159,120,1949,1100,1449,1,3,-45,207,20,8
159,120,1953,1100,1453,1,3,-48,207,20,8
159,120,1957,1100,1457,1,3,-51,207,20,8
159,120,1961,1100,1461,1,4,-54,207,20,8
159,120,1965,1100,1465,1,4,-56,207,20,8
159,120,1969,1100,1469,1,4,-59,207,20,8
159,120,1972,1100,1472,1,4,-61,207,20,8
159,120,1976,1100,1476,1,4,-64,207,20,8
159,120,1980,1100,1480,2,4,-66,207,20,7
159,120,1984,1100,1484,2,4,-68,206,20,7
159,120,1988,1100,1488,2,4,-71,206,20,7
159,120,1992,1100,1492,2,4,-73,206,20,7
159,120,1996,1100,1496,2,5,-75,206,20,7
159,120,2000,1100,1500,2,5,-77,206,20,7
159,120,2003,1100,1503,2,5,-79,206,20,7
159,120,2007,1100,1507,2,5,-81,206,20,7
159,120,2011,1100,1511,2,5,-83,206,20,7
158,120,2015,1100,1515,2,5,-85,206,20,7
158,120,2019,1100,1519,2,5,-87,206,20,7
158,120,2023,1100,1523,2,5,-89,206,20,7
158,120,2026,1100,1526,2,5,-91,206,20,7
158,120,2030,1100,1530,2,5,-93,206,20,7
158,120,2034,1100,1534,2,5,-95,206,20,7
158,120,2038,1100,1538,2,6,-97,206,20,7
158,120,2042,1100,1542,2,6,-99,206,20,7
158,120,2046,1100,1546,2,6,-101,206,20,7
158,120,2049,1100,1549,2,6,-103,206,20,7
158,120,2053,1100,1553,2,6,-105,206,20,7
158,120,2057,1100,1557,2,6,-106,206,20,7
158,120,2061,1100,1561,2,6,-108,206,20,7
158,120,2065,1100,1565,2,6,-110,206,20,7
158,120,2068,1100,1568,2,6,-112,206,20,7
158,120,2072,1100,1572,2,6,-114,206,20,7
158,120,2076,1100,1576,2,6,-116,206,20,7
158,120,2080,1100,1580,2,6,-118,206,20,7
157,120,2083,1100,1583,2,6,-120,206,20,7
157,120,2087,1100,1587,2,6,-122,206,20,7
157,120,2091,1100,1591,2,6,-124,205,20,7
157,120,2095,1100,1595,2,6,-126,205,20,7
157,120,2099,1100,1599,2,6,-128,205,20,6
157,120,2102,1100,1602,2,6,-131,205,20,6
157,120,2106,1100,1606,2,6,-133,205,20,6
157,120,2110,1100,1610,2,6,-135,205,20,6
157,120,2113,1100,1613,2,6,-137,205,20,6
157,120,2117,1100,1617,2,6,-140,205,20,6
157,120,2121,1100,1621,2,6,-142,205,20,6
157,120,2125,1100,1625,2,6,-144,205,20,6
157,120,2128,1100,1628,2,6,-147,205,20,6
157,120,2132,1100,1632,2,6,-149,205,20,6
157,120,2136,1100,1636,2,6,-152,205,20,6
156,120,2139,1100,1639,2,6,-154,205,20,6
156,120,2143,1100,1643,2,6,-157,205,20,6
156,120,2147,1100,1647,2,6,-159,205,20,6
156,120,2150,1100,1650,2,6,-162,205,20,6
156,120,2154,1100,1654,2,6,-165,205,20,6
156,120,2158,1100,1658,2,6,-168,205,20,6
156,120,2161,1100,1661,2,6,-170,205,20,6
156,120,2165,1100,1665,2,6,-173,205,20,6
156,120,2169,1100,1669,2,6,-176,205,20,6
156,120,2172,1100,1672,2,6,-179,205,20,6
156,120,2176,1100,1676,2,6,-182,205,20,6
156,120,2180,1100,1680,2,6,-185,204,20,6
156,120,2183,1100,1683,2,6,-189,204,20,6
155,120,2187,1100,1687,2,6,-192,204,20,6
155,120,2190,1100,1690,1,6,-195,204,20,6
155,120,2194,1100,1694,1,6,-198,204,20,6
155,120,2198,1100,1698,1,6,-202,204,20,6
155,120,2201,1100,1701,1,6,-205,204,20,6
155,120,2205,1100,1705,1,6,-209,204,20,6
155,120,2208,1100,1708,1,6,-212,204,20,5
155,120,2212,1100,1712,1,6,-216,204,20,5
155,120,2215,1100,1715,1,6,-220,204,20,5
155,120,2219,1100,1719,1,6,-223,204,20,5
155,120,2223,1100,1723,1,6,-227,204,20,5
155,120,2226,1100,1726,1,6,-231,204,20,5
154,120,2230,1100,1730,1,6,-235,204,20,5
154,120,2233,1100,1733,1,6,-238,204,20,5
154,120,2237,1100,1737,1,6,-242,204,20,5
154,120,2240,1100,1740,1,6,-246,204,20,5
154,120,2244,1100,1744,1,6,-250,204,20,5
154,120,2247,1100,1747,1,5,-254,204,20,5
154,120,2251,1100,1751,1,5,-258,204,20,5
154,120,2254,1100,1754,1,5,-262,203,20,5
154,120,2257,1100,1757,0,5,-267,203,20,5
154,120,2261,1100,1761,0,5,-271,203,20,5
153,120,2264,1100,1764,0,5,-275,203,20,5
153,120,2268,1100,1768,0,5,-279,203,20,5
153,120,2271,1100,1771,0,5,-283,203,20,5
153,120,2275,1100,1775,0,5,-288,203,20,5
153,120,2278,1100,1778,0,5,-292,203,20,5
153,120,2281,1100,1781,0,5,-296,203,20,5
153,120,2285,1100,1785,0,5,-301,203,20,5
153,120,2288,1100,1788,0,5,-305,203,20,5
153,120,2292,1100,1792,0,5,-309,203,20,5
153,120,2295,1100,1795,0,5,-314,203,20,5
152,120,2298,1100,1798,0,5,-318,203,20,5
152,120,2302,1100,1802,0,5,-322,203,20,5
152,120,2305,1100,1805,0,5,-327,203,20,5
152,120,2308,1100,1808,0,5,-331,203,20,5
152,120,2312,1100,1812,0,5,-336,203,20,5
152,120,2315,1100,1815,0,5,-340,203,20,5
152,120,2318,1100,1818,0,5,-344,203,20,5
152,120,2321,1100,1821,0,5,-349,202,20,4
151,120,2325,1100,1825,0,5,-353,202,20,4
151,120,2328,1100,1828,0,5,-357,202,20,4
151,120,2331,1100,1831,0,5,-362,202,20,4
151,120,2334,1100,1834,0,5,-366,202,20,4
151,120,2338,1100,1838,0,5,-370,202,20,4
151,120,2341,1100,1841,-1,5,-375,202,20,4
151,120,2344,1100,1844,-1,5,-379,202,20,4
151,120,2347,1100,1847,-1,5,-383,202,20,4
151,120,2351,1100,1851,-1,5,-387,202,20,4
150,120,2354,1100,1854,-1,5,-391,202,20,4
150,120,2357,1100,1857,-1,5,-396,202,20,4
150,120,2360,1100,1860,-1,5,-400,202,20,4
150,120,2363,1100,1863,-1,5,-404,202,20,4
150,120,2366,1100,1866,-1,5,-408,202,20,4
150,120,2370,1100,1870,-1,5,-412,202,20,4
150,120,2373,1100,1873,-1,5,-416,202,20,4
149,120,2376,1100,1876,-2,5,-419,202,20,4
149,120,2379,1100,1879,-2,5,-423,202,20,4
149,120,2382,1100,1882,-2,5,-427,202,20,4
149,120,2385,1100,1885,-2,5,-431,201,20,4
149,120,2388,1100,1888,-2,5,-434,201,20,4
149,120,2391,1100,1891,-2,5,-438,201,20,4
149,120,2394,1100,1894,-2,5,-442,201,20,4
148,120,2397,1100,1897,-2,5,-445,201,20,4
148,120,2400,1100,1900,-2,5,-448,201,20,4
148,120,2403,1100,1903,-2,5,-452,201,20,4
148,120,2406,1100,1906,-2,5,-455,201,20,4
148,120,2409,1100,1909,-3,5,-458,201,20,4
148,120,2412,1100,1912,-3,5,-461,201,20,4
148,120,2415,1100,1915,-3,5,-465,201,20,4
147,120,2418,1100,1918,-3,5,-468,201,20,4
147,120,2421,1100,1921,-3,5,-471,201,20,4
147,120,2424,1100,1924,-3,5,-473,201,20,4
147,120,2427,1100,1927,-3,5,-476,201,20,4
147,120,2430,1100,1930,-3,5,-479,201,20,4
147,120,2433,1100,1933,-3,5,-482,201,20,4
146,120,2436,1100,1936,-3,5,-484,201,20,4
146,120,2439,1100,1939,-3,5,-487,201,20,4
146,120,2442,1100,1942,-3,6,-489,201,20,4
146,120,2444,1100,1944,-4,6,-492,201,20,4
146,120,2447,1100,1947,-4,6,-494,200,20,3
146,120,2450,1100,1950,-4,6,-496,200,20,3
146,120,2453,1100,1953,-4,6,-498,200,20,3
145,120,2456,1100,1956,-4,6,-500,200,20,3
145,120,2459,1100,1959,-4,6,-502,200,20,3
145,120,2461,1100,1961,-4,6,-504,200,20,3
145,120,2464,1100,1964,-4,6,-506,200,20,3
145,120,2467,1100,1967,-4,6,-508,200,20,3
145,120,2470,1100,1970,-4,6,-510,200,20,3
144,120,2472,1100,1972,-4,6,-511,200,20,3
144,120,2475,1100,1975,-4,6,-513,200,20,3
144,120,2478,1100,1978,-4,6,-514,200,20,3
144,120,2481,1100,1981,-5,6,-516,200,20,3
144,120,2483,1100,1983,-5,7,-517,200,20,3
143,120,2486,1100,1986,-5,7,-518,200,20,3
143,120,2489,1100,1989,-5,7,-519,200,20,3
143,120,2491,1100,1991,-5,7,-521,200,20,3
143,120,2494,1100,1994,-5,7,-522,200,20,3
143,120,2497,1100,1997,-5,7,-523,200,20,3
143,120,2499,1100,1999,-5,7,-524,200,20,3
142,120,2502,1100,2002,-5,7,-524,200,20,3
142,120,2504,1100,2004,-5,7,-525,200,20,3
142,120,2507,1100,2007,-5,7,-526,200,20,3
142,120,2510,1100,2010,-5,7,-527,199,20,3
142,120,2512,1100,2012,-5,7,-527,199,20,3
141,120,2515,1100,2015,-5,7,-528,199,20,3
141,120,2517,1100,2017,-5,7,-529,199,20,3
141,120,2520,1100,2020,-6,7,-529,199,20,3
141,120,2522,1100,2022,-6,8,-530,199,20,3